7451,
7452,
7453,
7454,
7455,
7456,
7457,
7459,
7463,
7464,
7465,
7466,
7467,
7469,
7470,
7471,
7473,
7474,
7475,
7476,
7478,
7479,
7480,
7481,
7482,
7483,
7484,
7487,
7488,
7489,
7490,
7491,
7492,
7493,
7494,
7495,
7496,
7497,
7498,
7499,
7500,
7501,
7502,
7503,
7504,
7505,
7506,
7507,
7508,
7509,
7510,
7511,
7513,
7514,
7515,
7516,
7517,
7518,
7519,
7520,
7521,
7522,
7524,
7525,
7526,
7533,
7534,
7535,
7536,
7547,
7548,
7549,
7553,
7554,
7556,
7557,
7558,
7559,
7560,
7561,
7563,
7564,
7566,
7568,
7569,
7570,
7571,
7572,
7573,
7574,
7575,
7576,
7577,
7591,
7594,
7598,
7600,
7601,
7602,
7604,
7605,
7606,
7608,
7609,
7610,
7611,
7613,
7614,
7621,
7623,
7626,
7628,
7629,
7630,
7631,
7632,
7633,
7634,
7635,
7636,
7637,
7638,
7641,
7642,
7643,
7644,
7649,
7652,
7653,
7655,
7660,
7661,
7663,
7664,
7665,
7666,
7667,
7669,
7696,
7704,
7706,
7707,
7708,
7709,
7711,
7713,
7718,
7728,
7730,
7731,
7732,
7738,
7753,
7754,
7757,
7761,
7762,
7763,
7764,
7765,
7766,
7767,
7768,
7772,
7774,
7780,
7781,
7783,
7785,
7788,
7789,
7790,
7792,
7793,
7794,
7795,
7797,
7799,
7800,
7801,
7802,
7812,
7819,
7824,
7830,
7845,
7846,
7847,
7848,
7849,
7850,
7851,
7852,
7855,
7861,
7862,
7863,
7872,
7873,
7874,
7883,
7888,
7889,
7890,
7891,
7892,
7893,
7897,
7907,
7908,
7909,
7925,
7926,
7930,
7933,
7934,
7936,
7951,
7956,
7957,
7958,
7959,
7961,
7979,
7983,
7986,
7992,
8039,
8041,
8042,
8043,
8051,
8052,
8053,
8059,
8060,
8061,
8062,
8063,
8064,
8069,
8070,
8072,
8073,
8075,
8078,
8079,
8080,
8082,
8085,
8087,
8088,
8089,
8090,
8091,
8092,
8093,
8096,
8102,
8103,
8104,
8105,
8107,
8109,
8110,
8111,
8113,
8114,
8117,
8118,
8119,
8120,
8121,
8122,
8123,
8124,
8127,
8128,
8129,
8130,
8131,
8132,
8136,
8138,
8141,
8146,
8160,
8161,
8163,
8166,
8170,
8171,
8172,
8173,
8178,
8179,
8180,
8181,
8182,
8183,
8185,
8186,
8188,
8189,
8190,
8192,
8193,
8194,
8195,
8196,
8197,
8198,
8199,
8200,
8201,
8202,
8205,
8207,
8208,
8209,
8210,
8218,
8223,
8248,
8254,
8255,
8256,
8257,
8258,
8260,
8268,
8274,
8280,
8281,
8282,
8283,
8284,
8286,
8287,
8288,
8289,
8290,
8291,
8292,
8293,
8297,
8305,
8307,
8308,
8309,
8310,
8314,
8315,
8317,
8318,
8319,
8320,
8322,
8323,
8324,
8325,
8326,
8328,
8330,
8331,
8334,
8337,
8338,
8339,
8347,
8348,
8349,
8350,
8351,
8352,
8353,
8354,
8355,
8356,
8357,
8359,
8361,
8362,
8364,
8365,
8369,
8371,
8372,
8374,
8375,
8376,
8377,
8379,
8380,
8382,
8384,
8385,
8386,
8390,
8391,
8394,
8424,
8425,
8426,
8427,
8428,
8433,
8434,
8435,
8462,
8466,
8467,
8468,
8476,
8478,
8479,
8481,
8488,
8489,
8492,
8493,
8502,
8506,
8507,
8508,
8509,
8514,
8516,
8517,
8519,
8520,
8523,
8524,
8525,
8526,
8529,
8530,
8531,
8534,
8535,
8537,
8541,
8545,
8546,
8550,
8559,
8560,
8561,
8564,
8565,
8566,
8568,
8569,
8571,
8572,
8586,
8587,
8588,
8592,
8593,
8599,
8601,
8624,
8626,
8628,
8630,
8631,
8632,
8633,
8634,
8642,
8652,
8653,
8654,
8657,
8658,
8659,
8660,
8661,
8666,
8667,
8669,
8673,
8699,
8711,
8723,
8724,
8725,
8726,
8727,
8728,
8729,
8730,
8739,
8740,
8741,
8742,
8744,
8745,
8750,
8760,
8770,
8795,
8811,
8814,
8815,
8816,
8819,
8822,
8825,
8826,
8829,
8832,
8833,
8834,
8836,
8837,
8838,
8839,
8863,
8864,
8865,
8866,
8867,
8868,
8869,
8874,
8875,
8879,
8880,
8887,
8892,
8895,
8898,
8899,
8900,
8902,
8903,
8904,
8905,
8906,
8910,
8913,
8914,
8915,
8917,
8918,
8919,
8920,
8923,
8924,
8925,
8926,
8928,
8931,
8932,
8933,
8934,
8935,
8936,
8939,
8942,
8945,
8947,
8948,
8949,
8950,
8952,
8953,
8954,
8955,
8962,
8963,
8964,
8965,
8966,
8967,
8969,
8970,
8973,
8977,
8979,
8980,
8981,
8985,
8986,
8987,
8988,
8989,
8990,
8991,
8992,
8993,
8994,
8996,
8997,
8998,
8999,
9000,
9001,
9002,
9003,
9004,
9005,
9006,
9007,
9008,
9009,
9010,
9011,
9012,
9013,
9014,
9018,
9020,
9022,
9025,
9032,
9036,
9037,
9038,
9040,
9041,
9042,
9043,
9044,
9047,
9055,
9057,
9058,
9059,
9060,
9061,
9063,
9064,
9065,
9066,
9067,
9068,
9069,
9070,
9072,
9073,
9074,
9075,
9076,
9077,
9078,
9079,
9080,
9081,
9082,
9085,
9086,
9088,
9089,
9090,
9091,
9092,
9093,
9094,
9095,
9096,
9097,
9098,
9099,
9100,
9101,
9102,
9103,
9104,
9106,
9107,
9108,
9109,
9110,
9111,
9112,
9113,
9114,
9115,
9116,
9117,
9118,
9120,
9121,
9122,
9123,
9124,
9125,
9126,
9127,
9128,
9129,
9131,
9132,
9134,
9135,
9136,
9139,
9140,
9141,
9142,
9143,
9144,
9145,
9146,
9147,
9148,
9149,
9150,
9151,
9152,
9153,
9154,
9156,
9159,
9160,
9161,
9162,
9164,
9165,
9166,
9167,
9168,
9169,
9170,
9171,
9172,
9173,
9174,
9175,
9176,
9177,
9178,
9179,
9180,
9181,
9183,
9184,
9185,
9186,
9187,
9188,
9189,
9191,
9192,
9193,
9194,
9195,
9197,
9198,
9199,
9208,
9213,
9214,
9215,
9216,
9217,
9221,
9222,
9223,
9224,
9225,
9226,
9227,
9228,
9229,
9230,
9231,
9232,
9233,
9234,
9235,
9236,
9237,
9238,
9239,
9240,
9241,
9242,
9243,
9244,
9245,
9246,
9247,
9248,
9250,
9252,
9253,
9255,
9256,
9257,
9258,
9259,
9261,
9265,
9271,
9272,
9273,
9275,
9276,
9279,
9280,
9282,
9283,
9284,
9285,
9287,
9288,
9289,
9291,
9292,
9293,
9294,
9295,
9296,
9297,
9298,
9299,
9300,
9302,
9306,
9307,
9308,
9309,
9311,
9312,
9314,
9315,
9316,
9317,
9318,
9319,
9321,
9325,
9326,
9328,
9331,
9335,
9341,
9342,
9344,
9345,
9346,
9347,
9348,
9349,
9350,
9351,
9352,
9353,
9355,
9356,
9357,
9361,
9362,
9368,
9370,
9371,
9372,
9373,
9374,
9375,
9376,
9378,
9379,
9381,
9382,
9383,
9384,
9385,
9387,
9388,
9391,
9392,
9393,
9394,
9396,
9397,
9398,
9399,
9400,
9401,
9404,
9405,
9406,
9411,
9418,
9419,
9420,
9421,
9422,
9423,
9424,
9425,
9432,
9448,
9451,
9452,
9456,
9458,
9459,
9461,
9465,
9466,
9467,
9473,
9474,
9478,
9480,
9481,
9482,
9483,
9484,
9485,
9486,
9487,
9489,
9490,
9492,
9494,
9497,
9498,
9500,
9503,
9505,
9506,
9507,
9508,
9509,
9510,
9513,
9514,
9515,
9516,
9517,
9519,
9521,
9522,
9523,
9524,
9525,
9526,
9527,
9528,
9529,
9530,
9533,
9534,
9536,
9537,
9538,
9539,
9540,
9541,
9542,
9543,
9544,
9545,
9546,
9547,
9548,
9549,
9550,
9551,
9552,
9553,
9554,
9555,
9557,
9558,
9559,
9561,
9562,
9566,
9567,
9568,
9569,
9571,
9573,
9574,
9576,
9577,
9578,
9579,
9580,
9581,
9582,
9583,
9584,
9585,
9586,
9588,
9589,
9591,
9592,
9594,
9595,
9597,
9598,
9599,
9600,
9601,
9602,
9604,
9605,
9606,
9609,
9610,
9611,
9612,
9613,
9614,
9615,
9616,
9617,
9618,
9619,
9621,
9623,
9627,
9628,
9630,
9631,
9632,
9634,
9635,
9636,
9637,
9638,
9646,
9647,
9648,
9649,
9650,
9651,
9653,
9654,
9655,
9657,
9658,
9659,
9661,
9662,
9663,
9668,
9669,
9671,
9672,
9673,
9674,
9687,
9693,
9694,
9700,
9737,
9738,
9739,
9740,
9741,
9744,
9745,
9746,
9748,
9751,
9754,
9758,
9759,
9760,
9762,
9763,
9764,
9765,
9768,
9769,
9770,
9771,
9772,
9773,
9774,
9777,
9780,
9782,
9784,
9785,
9787,
9788,
9789,
9790,
9791,
9792,
9794,
9795,
9796,
9797,
9798,
9799,
9800,
9801,
9804,
9805,
9808,
9809,
9810,
9811,
9814,
9815,
9816,
9817,
9818,
9821,
9822,
9823,
9824,
9825,
9826,
9827,
9828,
9829,
9831,
9832,
9833,
9834,
9835,
9841,
9842,
9843,
9845,
9846,
9847,
9849,
9852,
9853,
9854,
9856,
9858,
9859,
9861,
9862,
9864,
9865,
9868,
9869,
9870,
9871,
9872,
9879,
9881,
9883,
9884,
9891,
9895,
9896,
9900,
9902,
9906,
9907,
9910,
9911,
9912,
9915,
9916,
9919,
9921,
9922,
9923,
9924,
9925,
9926,
9928,
9929,
9930,
9932,
9933,
9934,
9937,
9946,
9947,
9948,
9949,
9950,
9951,
9952,
9954,
9955,
9956,
9958,
9959,
9960,
9961,
9962,
9963,
9964,
9966,
9967,
9968,
9969,
9971,
9973,
9974,
9975,
9976,
9977,
9978,
9980,
9981,
9982,
9984,
9986,
9988,
9989,
9990,
9991,
9992,
9993,
9995,
9996
