395,
2367,
3315,
3317,
3318,
3360,
3424,
3906,
3908,
3910,
3911,
4544,
4674,
4676,
5169,
5540,
5541,
5575,
5691,
5888,
5890,
6032,
7645,
7651,
9021,
10302,
10645,
10868,
10870,
11262,
12058,
12234,
13100,
13363,
13808,
13809,
13812,
13814,
14353,
14354,
14356,
14358,
14359,
14363,
14364,
14369,
14425,
14434,
14851,
15366,
15367,
15656,
17554,
17594,
17598,
17599,
18053,
18222,
18543,
18548,
18761,
18763,
18764,
18773,
18837,
19022,
19591,
20154,
20183,
21618,
21620,
21621,
21869,
22053,
22288,
22423,
22647,
22659,
22947,
22948,
23436,
23472,
23876,
24316,
24318,
25030,
25718,
29441,
29941,
31421,
31531,
31532,
31533,
31628,
31632,
31698,
31774,
31830,
32340,
33101,
33128,
33145,
33147,
33152,
33157,
33499,
33760,
34239,
34270,
34336,
34340,
34918,
35001,
36112,
36635,
37300,
37301,
37641,
38476,
38483,
39299,
39432,
40008,
40758,
41403,
41408,
41767,
42430,
42612,
43273,
43913,
45125,
45206,
46037,
46043,
46044,
46048,
46550,
47383,
47384,
47911,
48288,
48291,
48307,
48364,
48541,
48714,
48865,
50361,
50362,
50819,
51685,
53634,
53641,
53654,
53666,
53989,
54410,
55143,
55146,
55147,
55151,
55152,
55153,
55154,
56386,
56652,
58919,
59145,
59501,
60822,
61689,
63789,
65509,
66134,
66153,
66241,
66957,
69076,
69434,
72187,
73033,
73289,
75954,
77762,
77770,
77813,
79213,
79383,
80033,
82032,
82359,
82933,
83054,
83058,
83459,
84064,
84415,
85445,
89171,
90714,
92004,
93058,
93647,
93744,
94763,
97065,
97495,
98909,
98910,
98941,
99005,
99022,
99357,
100166,
101019,
102817,
103357,
103358,
104471,
104556,
104583,
104847,
106296,
106467,
107254,
107255,
108310,
108335,
108564,
108699,
108851,
109175,
110142,
111808,
111834,
111855,
112464,
112467,
112469,
112876,
114237,
115680,
115839,
116114,
116118,
116505,
116567,
116795,
116798,
116805,
117195,
118773,
118795,
118802,
119757,
120352,
120639,
120642,
121379,
121579,
123425,
123622,
123847,
123982,
124080,
124114,
124579,
127275,
127872,
127989,
128568,
129194,
129463,
129465,
129470,
130958,
131799,
132390,
132635,
132963,
133279,
135468,
135608,
136016,
136229,
137208,
137244,
137285,
137565,
137566,
137568,
138089,
138857,
141603,
141615,
142415,
142865,
142871,
142911,
143250,
147654,
147828,
147927,
147931,
150170,
151179,
151202,
151204,
151205,
151207,
151779,
151855,
151857,
152359,
152926,
152957,
153134,
153528,
154328,
154748,
154749,
155144,
155359,
155655,
155657,
157315,
157411,
157728,
158102,
158423,
158427,
158545,
158587,
158590,
158762,
159363,
159367,
159391,
159747,
160845,
161890,
162765,
163383,
163385,
163652,
163653,
163795,
164882,
165295,
165597,
165697,
165759,
166927,
168173,
168220,
168329,
168369,
168574,
169788,
171394,
171653,
173580,
173769,
174396,
174400,
174812,
175404,
176026,
176672,
177555,
178329,
178423,
178694,
178701,
178710,
178730,
178758,
178813,
178899,
178965,
179081,
179218,
179264,
179273,
179274,
179282,
179490,
179491,
179612,
179775,
180005,
180082,
180200,
180258,
180289,
180314,
180380,
180381,
180823,
180911,
181027,
181075,
181080,
181192,
181210,
181243,
181393,
181484,
181496,
181647,
181978,
182693,
182705,
183034,
183246,
183341,
183758,
183866,
183925,
183926,
183948,
184004,
184140,
184141,
184339,
184507,
184695,
184831,
187008,
187198,
187309,
187405,
187582,
187955,
188008,
188837,
189303,
189306,
190048,
190785,
190972,
190988,
191001,
191913,
191929,
191953,
192102,
192169,
192176,
192181,
192611,
192613,
192619,
192638,
192767,
193005,
193083,
193157,
193340,
193350,
193356,
193359,
193525,
193950,
193979,
193980,
193983,
193996,
194013,
194021,
194024,
194108,
194120,
194128,
194634,
194637,
194641,
194644,
194646,
194694,
195145,
195148,
195804,
195865,
195956,
195980,
196099,
196127,
196150,
196209,
196231,
196274,
196420,
196431,
196442,
196552,
196624,
196628,
196665,
196863,
196939,
196948,
196963,
197004,
197019,
197022,
197024,
197026,
197029,
197034,
197818,
197938,
198347,
198928,
198931,
198934,
198936,
198951,
198983,
199084,
199086,
199089,
199105,
199555,
199689,
199892,
200632,
200851,
200890,
201041,
201236,
201311,
201318,
201334,
201357,
201560,
201561,
201585,
201604,
201633,
201637,
201661,
201727,
201950,
201957,
201961,
202124,
202181,
202192,
202194,
202199,
202203,
202237,
202241,
202244,
202246,
202286,
203725,
203726,
203728,
203750,
203775,
203779,
204420,
204461,
204469,
204481,
204485,
204490,
204568,
204583,
204589,
205170,
205260,
205287,
205300,
205301,
205744,
205770,
205783,
206284,
206761,
206820,
206906,
206925,
207106,
207127,
209490,
209547,
209549,
209621,
209739,
209743,
209784,
209939,
210437,
210447,
210466,
210472,
210528,
210796,
210799,
210824,
211149,
211255,
211275,
211282,
212118,
212134,
212354,
212595,
212856,
212859,
212949,
213195,
213454,
213775,
214090,
214097,
214127,
214444,
214448,
214449,
214450,
214509,
214517,
214845,
214913,
214939,
214942,
215196,
215393,
215622,
215847,
215849,
215851,
215985,
216937,
216955,
217435,
217472,
218712,
218714,
218773,
218855,
219337,
220037,
220038,
221041,
221073,
221334,
221408,
221741,
221758,
221875,
221885,
221996,
221999,
222235,
222532,
222583,
222607,
222669,
222891,
222902,
223192,
223383,
223525,
223830,
223835,
223840,
224218,
224252,
224253,
224410,
224423,
224585,
224721,
224723,
225204,
225268,
225627,
225632,
225665,
225959,
226123,
226498,
226698,
226705,
226706,
226768,
226769,
226809,
226873,
226916,
226917,
226982,
227015,
227177,
227280,
227398,
227405,
227720,
227721,
227728,
227739,
227743,
227746,
227881,
227887,
227935,
228025,
228105,
228318,
228484,
228756,
228786,
228914,
229044,
229048,
229126,
229155,
229156,
229158,
229159,
229295,
229296,
229549,
229665,
233207,
233470,
233471,
233530,
233553,
233555,
233576,
233625,
233627,
233628,
233961,
234511,
234865,
234888,
234906,
234921,
235013,
235021,
235082,
235083,
235089,
235104,
235157,
235244,
235382,
235385,
235461,
235464,
235584,
235597,
235625,
235744,
235767,
235770,
235771,
235778,
235795,
235835,
235887,
235895,
235906,
235927,
235966,
236011,
236030,
236032,
236052,
236072,
236147,
236199,
236201,
236205,
236260,
236274,
236321,
236381,
236391,
236426,
236465,
236491,
236562,
236565,
236583,
236617,
236642,
236695,
236777,
236861,
236876,
236883,
236893,
236899,
236902,
236996,
237042,
237050,
237126,
237128,
237130,
237133,
237145,
237207,
237231,
237423,
237486,
237492,
237524,
237576,
237595,
237605,
237653,
237660,
237794,
237813,
237916,
237936,
237978,
238013,
238028,
238035,
238062,
238066,
238075,
238076,
238097,
238100,
238119,
238133,
238144,
238172,
238174,
238180,
238185,
238187,
238200,
238223,
238237,
238241,
238248,
238273,
238275,
238281,
238284,
238285,
238290,
238297,
238309,
238314,
238352,
238357,
238407,
238414,
238415,
238429,
238431,
238442,
238453,
238461,
238465,
238466,
238476,
238496,
238524,
238537,
238582,
238625,
238659,
238672,
238673,
238701,
238705,
238717,
238745,
238759,
238761,
238764,
238765,
238771,
238797,
238814,
238816,
238844,
238880,
238887,
238892,
238893,
238911,
238954,
238968,
238980,
238986,
238997,
239001,
239005,
239015,
239016,
239029,
239056,
239061,
239064,
239108,
239113,
239171,
239173,
239187,
239189,
239211,
239237,
239240,
239242,
239245,
239250,
239268,
239288,
239318,
239335,
239348,
239361,
239423,
239425,
239541,
239542,
239546,
239567,
239588,
239591,
239617,
239639,
239674,
239744,
239748,
239778,
239801,
239823,
239828,
239836,
239902,
239926,
239991,
240004,
240007,
240013,
240071,
240127,
240173,
240189,
240200,
240207,
240221,
240255,
240257,
240266,
240301,
240302,
240303,
240311,
240322,
240335,
240347,
240352,
240354,
240356,
240401,
240422,
240424,
240453,
240463,
240467,
240477,
240479,
240492,
240497,
240591,
240598,
240600,
240623,
240624,
240690,
240697,
240707,
240721,
240724,
240726,
240742,
240782,
240784,
240808,
240817,
240820,
241057,
241139,
241159,
241415,
241657,
241795,
241881,
242085,
242178,
242180,
242353,
242417,
242558,
242601,
242602,
242606,
242751,
242799,
242806,
242840,
242888,
242904,
242972,
242995,
242996,
243022,
243027,
243065,
243242,
243690,
243722,
243868,
243897,
244084,
244090,
244113,
244117,
244175,
244210,
244224,
244227,
244228,
244229,
244230,
244233,
244308,
244502,
244618,
244634,
244729,
244789,
244943,
245063,
245080,
245494,
245604,
245694,
245702,
245703,
245786,
245788,
245789,
245793,
245797,
245817,
245824,
245828,
245938,
245953,
246155,
246187,
246275,
246289,
246537,
246569,
246636,
246905,
246969,
246970,
247199,
247572,
247585,
247590,
247603,
247628,
247641,
247660,
247662,
248050,
248544,
248668,
248728,
248775,
248822,
248848,
248874,
249308,
249319,
249321,
249340,
249368,
249428,
249495,
249552,
249614,
249937,
250016,
250242,
250248,
250310,
250352,
250381,
250407,
250502,
250538,
250578,
250600,
250694,
250722,
250753,
250778,
250840,
250920,
250959,
250993,
251127,
251153,
251168,
251187,
251461,
251918,
252059,
252061,
252066,
252072,
252207,
252517,
252640,
252684,
252800,
252968,
252992,
253069,
253082,
253154,
253318,
253337,
253511,
253723,
253829,
253831,
254102,
254140,
254160,
254227,
254278,
254486,
254694,
254978,
254980,
255284,
255289,
255400,
255402,
255406,
255407,
255559,
255585,
255708,
255721,
255729,
255860,
255879,
255931,
256162,
256172,
256314,
256328,
256487,
256569,
256583,
256632,
256633,
257004,
257040,
257082,
257151,
257168,
257242,
257415,
257563,
257601,
257605,
257639,
257645,
257694,
257834,
257909,
257960,
257986,
258162,
258184,
258254,
258260,
258264,
258268,
258277,
258292,
258293,
258313,
258403,
258409,
258844,
258875,
258895,
258896,
258928,
259095,
259146,
259205,
259559,
259567,
259604,
259654,
259667,
259685,
259712,
259834,
259844,
259861,
259871,
259878,
259879,
259885,
259910,
259924,
260047,
260236,
260252,
260255,
260267,
260297,
260348,
260349,
260353,
260376,
260402,
260481,
260482,
260483,
260524,
260567,
260571,
260572,
260690,
260776,
261005,
261017,
261090,
261098,
261147,
261157,
261158,
261201,
261204,
261252,
261257,
261432,
261551,
261586,
261653,
261681,
261682,
261683,
261726,
261805,
261823,
261824,
261832,
261889,
261955,
262233,
262279,
262307,
262431,
262522,
262524,
262784,
262853,
262936,
262968,
262969,
262995,
263002,
263005,
263006,
263049,
263145,
263156,
263188,
263206,
263207,
263807,
264011,
264021,
264121,
264235,
264284,
264310,
264342,
264389,
264390,
264460,
264462,
264463,
264464,
264473,
264479,
264486,
264487,
264488,
264491,
264575,
264583,
264735,
264812,
264855,
264858,
264859,
264861,
264862,
264864,
264920,
264980,
264981,
265138,
265217,
265258,
265270,
265621,
265694,
265917,
265919,
266077,
266257,
266308,
266309,
266331,
266381,
266527,
266558,
266568,
266584,
266798,
266953,
266954,
266987,
267008,
267022,
267034,
267066,
267218,
267270,
267327,
267332,
267335,
267349,
267361,
267426,
267445,
267606,
267607,
267806,
267832,
267843,
267917,
267947,
267954,
268187,
268214,
268252,
268255,
268282,
268431,
268454,
268475,
268653,
268675,
268682,
268693,
268766,
268884,
268903,
268929,
268948,
269106,
269144,
269464,
269475,
269487,
269589,
269692,
269728,
269748,
269776,
269884,
269886,
270192,
270271,
270368,
270454,
270566,
270606,
270626,
270641,
270790,
270794,
271006,
271063,
271065,
271088,
271192,
271201,
271202,
271205,
271232,
271331,
271343,
271457,
271739,
271843,
271864,
271880,
271966,
271968,
272010,
272020,
272028,
272089,
272260,
272314,
272315,
272319,
272320,
272325,
272329,
272331,
272478,
272505,
272682,
272784,
272825,
272958,
272990,
272993,
273000,
273001,
273002,
273275,
273467,
273511,
273581,
273721,
273801,
273826,
273846,
273898,
273975,
274028,
274145,
274290,
274310,
274403,
274405,
274463,
274481,
274613,
274666,
274720,
274722,
274723,
274896,
274996,
275017,
275236,
275381,
275384,
275395,
275396,
275464,
275488,
275551,
275778,
275837,
275888,
275893,
275983,
275992,
275994,
276003,
276053,
276098,
276106,
276130,
276146,
276149,
276159,
276169,
276202,
276355,
276357,
276433,
276435,
276440,
276449,
276452,
276454,
276456,
276460,
276461,
276462,
276475,
276676,
276693,
276704,
276758,
276790,
276810,
276813,
276815,
276820,
276821,
276832,
276841,
276845,
276847,
276849,
276897,
277090,
277100,
277101,
277145,
277149,
277155,
277158,
277159,
277197,
277205,
277210,
277214,
277219,
277224,
277230,
277243,
277252,
277294,
277337,
277338,
277371,
277394,
277402,
277415,
277418,
277431,
277473,
277481,
277727,
277783,
277934,
277949,
277950,
277954,
277955,
277963,
277969,
277973,
277993,
278100,
278226,
278228,
278525,
278565,
278566,
278592,
280391,
280530,
280531,
280603,
280666,
280680,
280729,
280732,
280736,
280762,
280835,
280849,
280851,
281008,
281344,
281408,
281452,
281465,
281482,
281504,
281551,
281557,
281622,
281628,
281651,
281690,
281696,
281708,
281819,
282006,
282139,
282140,
282160,
282187,
282188,
282286,
282425,
282507,
282523,
282539,
282557,
282610,
282616,
282962,
283029,
283198,
283285,
283290,
283341,
283360,
283362,
283412,
283494,
283742,
283766,
283805,
283826,
283879,
283884,
283897,
283942,
283984,
284041,
284176,
284191,
284192,
284194,
284370,
284421,
284440,
284467,
284473,
284474,
284549,
284623,
284649,
284760,
284766,
284801,
284808,
284964,
284966,
285054,
285149,
285157,
285188,
285289,
285329,
285342,
285371,
285399,
285440,
285585,
285588,
285591,
285599,
285606,
285627,
285747,
285748,
285751,
285803,
285813,
285823,
285828,
285831,
285856,
285891,
286002,
286111,
286115,
286350,
286389,
286400,
286411,
286435,
286487,
286626,
286628,
286670,
286677,
286912,
286971,
286973,
287024,
287029,
287043,
287054,
287065,
287126,
287137,
287275,
287504,
287549,
287586,
287595,
287601,
287611,
287612,
287624,
287626,
287652,
287659,
287675,
287685,
287720,
287721,
287723,
287739,
287740,
287768,
287780,
287815,
287840,
287871,
287909,
287942,
287943,
287945,
287948,
287949,
288020,
288071,
288076,
288125,
288128,
288140,
288167,
288246,
288372,
288502,
288507,
288593,
288612,
288690,
288739,
288843,
288877,
288974,
289065,
289071,
289087,
289091,
289094,
289095,
289205,
289221,
289288,
289289,
289618,
289631,
289639,
289646,
289671,
289692,
289705,
289728,
289739,
289789,
289857,
289877,
289974,
290031,
290032,
290035,
290040,
290041,
290054,
290063,
290121,
290125,
290129,
290135,
290154,
290245,
290248,
290286,
290287,
290328,
290373,
290376,
290412,
290535,
290566,
290569,
290859,
290861,
290948,
290973,
290983,
291042,
291070,
291074,
291090,
291116,
291119,
291121,
291143,
291173,
291183,
291297,
291350,
291361,
291434,
291440,
291441,
291454,
291460,
291487,
291495,
291654,
291731,
291826,
291839,
291859,
291883,
291884,
291885,
292249,
292253,
292318,
292392,
292393,
292451,
292501,
292504,
292513,
292529,
292598,
292626,
292627,
292774,
292865,
292877,
292918,
292933,
292947,
292954,
292959,
293021,
293049,
293079,
293080,
293089,
293204,
293241,
293272,
293288,
293371,
293379,
293382,
293395,
293528,
293530,
293532,
293540,
293543,
293546,
293565,
293573,
293726,
293767,
293809,
293831,
293837,
293847,
293863,
293867,
293887,
293983,
293986,
294019,
294062,
294073,
294161,
294174,
294217,
294326,
294406,
294540,
294568,
294629,
294642,
294725,
294731,
294819,
294833,
294839,
294876,
294925,
294940,
294957,
294958,
295137,
295143,
295283,
295313,
295428,
295463,
295800,
295804,
295909,
295914,
295919,
295927,
295937,
296099,
296167,
296394,
296398,
296410,
296488,
296492,
296493,
296497,
296498,
296516,
296518,
296524,
296525,
296530,
296533,
296537,
296565,
296566,
296588,
296609,
296615,
296633,
296648,
296649,
296656,
296701,
296712,
296749,
296769,
296837,
296851,
296859,
296863,
296864,
297088,
297209,
297266,
297290,
297350,
297355,
297364,
297372,
297424,
297428,
297483,
297496,
297548,
297651,
297655,
297668,
297669,
297812,
297829,
297849,
297895,
297913,
297915,
297940,
298045,
298087,
298117,
298196,
298229,
298231,
298277,
298291,
298319,
298414,
298450,
298475,
298633,
298646,
298663,
298685,
298687,
298691,
298696,
298727,
298739,
298798,
298822,
298857,
298895,
299011,
299066,
299097,
299099,
299100,
299157,
299171,
299214,
299219,
299239,
299244,
299256,
299336,
299427,
299500,
299506,
299507,
299589,
299665,
299681,
299724,
299771,
299778,
299821,
299834,
299880,
299897,
299958,
299959,
300000,
300047,
300049,
300053,
300057,
300103,
300104,
300106,
300173,
300280,
300324,
300338,
300341,
300345,
300346,
300433,
300520,
300613,
300621,
300696,
300715,
300869,
300870,
301005,
301059,
301064,
301169,
301310,
301360,
301409,
301428,
301514,
301540,
301587,
301687,
301689,
301701,
301750,
301759,
301848,
301943,
301947,
302002,
302003,
302209,
302289,
302297,
302301,
302474,
302478,
302479,
302714,
302716,
302747,
302766,
302770,
302804,
302889,
303057,
303060,
303123,
303220,
303231,
303343,
303379,
303435,
303456,
303512,
303530,
303568,
303570,
303574,
303756,
303771,
303832,
303845,
303859,
303860,
303915,
303925,
303937,
304048,
304165,
304168,
304250,
304447,
304474,
304484,
304508,
304540,
304549,
304555,
304571,
304577,
304712,
304714,
304785,
304796,
304839,
305004,
305053,
305249,
305262,
305272,
305282,
305320,
305343,
305351,
305496,
305519,
305551,
305605,
305661,
305687,
305698,
305701,
305731,
305741,
305805,
305819,
305821,
305822,
305905,
305934,
306127,
306165,
306203,
306211,
306218,
306228,
306256,
306262,
306276,
306345,
306374,
306459,
306461,
306465,
306485,
306528,
306538,
306631,
306685,
306769,
306777,
307023,
307026,
307100,
307129,
307137,
307171,
307173,
307188,
307238,
307262,
307483,
307495,
307674,
307738,
307819,
307825,
307882,
307912,
307934,
307937,
307942,
307950,
308013,
308056,
308106,
308108,
308183,
308184,
308199,
308221,
308266,
308271,
308345,
308367,
308449,
308473,
308570,
308647,
308681,
308725,
308731,
308805,
308821,
308838,
308860,
308873,
308876,
308904,
308924,
308947,
308956,
308990,
309039,
309135,
309194,
309288,
309346,
309356,
309403,
309408,
309496,
309503,
309623,
309696,
309728,
309901,
310098,
310136,
310226,
310227,
310367,
310384,
310405,
310427,
310464,
310611,
310637,
310640,
310661,
310731,
310771,
310794,
310796,
310803,
310814,
310841,
310860,
310908,
310910,
310968,
310977,
311122,
311281,
311322,
311372,
311622,
311631,
311632,
311675,
311695,
311733,
311872,
311999,
312014,
312016,
312127,
312138,
312140,
312173,
312197,
312239,
312247,
312305,
312321,
312472,
312519,
312548,
312558,
312596,
312598,
312618,
312779,
312784,
312788,
312805,
312812,
312813,
312814,
312819,
312836,
312857,
312914,
312996,
313165,
313186,
313252,
313255,
313410,
313521,
313554,
313556,
313591,
313597,
313654,
313718,
313763,
313772,
313773,
313823,
313849,
313858,
313860,
313896,
313906,
313976,
313979,
314055,
314065,
314088,
314091,
314095,
314126,
314137,
314223,
314250,
314307,
314410,
314445,
314809,
314811,
314812,
314906,
314949,
314958,
314986,
314995,
315080,
315279,
315352,
315356,
315389,
315448,
315466,
315534,
315684,
315790,
315931,
315934,
315961,
315967,
316040,
316104,
316187,
316207,
316296,
316331,
316401,
316538,
316595,
316696,
316844,
316876,
316897,
316898,
316964,
317017,
317069,
317071,
317117,
317120,
317129,
317138,
317306,
317318,
317360,
317366,
317368,
317519,
317522,
317525,
317608,
317630,
317640,
317643,
317652,
317660,
317753,
317868,
317885,
317966,
318093,
318127,
318192,
318193,
318194,
318200,
318216,
318310,
318354,
318355,
318394,
318398,
318477,
318569,
318617,
318627,
318638,
318667,
318704,
318789,
318800,
318802,
318820,
318826,
318947,
318955,
318958,
318972,
318976,
319026,
319027,
319030,
319033,
319053,
319083,
319248,
319309,
319323,
319324,
319325,
319331,
319357,
319435,
319436,
319439,
319556,
319566,
319689,
319734,
319746,
319768,
319777,
319783,
319797,
319871,
319907,
319972,
320002,
320069,
320071,
320139,
320200,
320233,
320239,
320330,
320342,
320348,
320365,
320422,
320437,
320460,
320482,
320597,
320669,
320717,
320813,
320845,
320890,
320909,
320975,
320999,
321010,
321011,
321012,
321018,
321027,
321043,
321048,
321053,
321060,
321082,
321099,
321105,
321136,
321240,
321271,
321288,
321419,
321429,
321501,
321506,
321508,
321511,
321526,
321545,
321550,
321556,
321564,
321608,
321626,
321635,
321636,
321661,
321668,
321670,
321712,
321719,
321813,
321815,
321826,
321914,
321966,
321986,
322028,
322034,
322038,
322095,
322116,
322123,
322277,
322282,
322290,
322305,
322389,
322407,
322411,
322503,
322535,
322536,
322567,
322570,
322573,
322602,
322605,
322609,
322635,
322755,
322777,
322778,
322850,
322851,
322853,
322867,
322895,
322987,
322989,
322990,
323005,
323091,
323104,
323106,
323110,
323119,
323262,
323300,
323392,
323436,
323446,
323493,
323589,
323729,
323731,
323858,
323867,
323868,
323871,
323875,
323876,
323877,
323887,
323888,
323947,
324013,
324021,
324059,
324074,
324120,
324121,
324311,
324312,
324332,
324367,
324374,
324429,
324457,
324499,
324502,
324712,
324727,
324816,
324854,
324913,
324949,
325000,
325007,
325025,
325056,
325067,
325240,
325297,
325304,
325363,
325464,
325693,
325811,
325812,
325827,
325838,
325842,
325902,
325909,
325912,
325918,
325921,
325923,
325927,
325928,
325930,
325946,
325961,
325965,
325969,
325998,
326010,
326013,
326052,
326072,
326127,
326219,
326344,
326358,
326407,
326498,
326541,
326609,
326657,
326803,
326812,
326837,
326838,
326839,
326843,
326855,
326856,
326858,
326870,
326907,
326944,
326952,
326953,
326954,
327015,
327018,
327045,
327110,
327120,
327158,
327228,
327315,
327450,
327459,
327461,
327488,
327513,
327550,
327551,
327677,
328018,
328058,
328187,
328211,
328247,
328305,
328510,
328511,
328517,
328520,
328550,
328551,
328614,
328732,
328734,
328742,
328750,
328764,
328775,
328794,
328900,
328918,
328922,
328933,
328989,
329020,
329030,
329065,
329074,
329083,
329125,
329134,
329136,
329157,
329161,
329197,
329277,
329283,
329284,
329292,
329301,
329390,
329496,
329513,
329514,
329519,
329560,
329655,
329670,
329695,
329807,
329808,
329863,
329971,
330032,
330033,
330171,
330234,
330422,
330428,
330479,
330520,
330687,
330721,
330900,
331083,
331122,
331180,
331287,
331317,
331446,
331496,
331539,
331614,
331945,
331970,
331975,
331977,
331985,
332045,
332138,
332182,
332187,
332201,
332354,
332370,
332403,
332522,
332619,
332651,
332700,
332704,
332803,
332848,
332892,
332976,
333098,
333212,
333267,
333405,
333433,
333444,
333456,
333498,
333545,
333551,
333581,
333588,
333605,
333733,
333846,
333972,
334015,
334045,
334080,
334111,
334122,
334178,
334458,
334599,
334612,
334681,
334767,
334837,
334848,
334860,
334861,
334879,
334902,
334911,
334960,
335047,
335140,
335353,
335445,
335456,
335469,
335526,
335764,
335814,
335869,
335919,
335982,
336006,
336174,
336252,
336376,
336427,
336737,
336897,
336904,
336937,
336992,
337138,
337210,
337253,
337255,
337291,
337564,
337940,
337967,
338035,
338120,
338123,
338278,
338281,
338288,
338291,
338293,
338367,
338457,
338516,
338624,
338782,
338895,
338921,
338957,
338962,
339039,
339041,
339050,
339134,
339201,
339242,
339316,
339366,
339367,
339427,
339444,
339467,
339493,
339604,
339658,
339711,
339722,
339765,
339802,
339863,
339871,
339897,
339978,
339998,
340030,
340032,
340038,
340041,
340104,
340110,
340119,
340162,
340191,
340227,
340239,
340242,
340252,
340332,
340345,
340400,
340402,
340589,
340662,
340665,
340683,
340690,
340691,
340698,
340701,
340724,
340788,
340848,
340887,
340982,
341012,
341245,
341341,
341378,
341722,
341857,
341861,
341864,
341916,
341932,
341986,
342015,
342148,
342158,
342176,
342188,
342190,
342221,
342281,
342340,
342364,
342383,
342409,
342447,
342504,
342517,
342578,
342626,
342694,
342722,
342728,
342730,
342789,
342822,
342852,
342863,
342865,
342879,
342911,
343012,
343047,
343139,
343188,
343237,
343280,
343392,
343400,
343539,
343590,
343725,
343997,
344014,
344054,
344095,
344111,
344149,
344182,
344197,
344235,
344247,
344262,
344287,
344290,
344294,
344295,
344316,
344321,
344324,
344346,
344358,
344365,
344375,
344398,
344403,
344421,
344438,
344442,
344460,
344461,
344462,
344471,
344540,
344657,
344682,
344688,
344689,
344693,
344698,
344701,
344753,
344787,
344803,
344833,
344841,
344844,
344845,
344846,
344859,
344869,
344979,
344984,
344990,
344996,
345021,
345111,
345120,
345128,
345187,
345189,
345292,
345310,
345312,
345507,
345508,
345516,
345556,
345566,
345581,
345592,
345621,
345662,
345680,
345707,
345775,
345777,
345872,
346147,
346346,
346406,
346419,
346434,
346560,
346576,
346585,
346604,
346653,
346663,
346751,
346752,
346817,
346821,
346822,
346823,
346859,
346861,
346862,
346906,
346948,
347196,
347217,
347420,
347464,
347516,
347581,
347586,
347616,
347617,
347647,
347717,
347769,
347916,
348090,
348114,
348128,
348142,
348155,
348156,
348208,
348225,
348374,
348397,
348490,
348574,
348611,
348644,
348966,
349025,
349100,
349113,
349122,
349168,
349188,
349298,
349299,
349301,
349304,
349306,
349307,
349311,
349312,
349314,
349318,
349319,
349321,
349323,
349389,
349404,
349420,
349468,
349553,
349576,
349638,
349681,
349692,
349788,
349898,
349911,
349920,
349967,
350024,
350190,
350340,
350363,
350582,
350585,
350601,
350606,
350607,
350608,
350613,
350641,
350759,
350778,
350883,
351148,
351152,
351156,
351165,
351262,
351304,
351330,
351547,
351558,
351621,
351626,
351635,
351660,
351775,
351814,
351873,
351908,
351955,
351990,
352028,
352163,
352191,
352212,
352308,
352392,
352458,
352460,
352476,
352484,
352587,
352597,
352668,
352796,
353017,
353043,
353122,
353163,
353167,
353168,
353171,
353180,
353237,
353253,
353274,
353321,
353442,
353627,
353647,
353665,
353678,
353826,
353942,
353979,
354014,
354028,
354231,
354318,
354402,
354404,
354412,
354413,
354422,
354455,
354524,
354551,
354575,
354577,
354607,
354644,
354767,
354771,
354807,
354886,
354922,
354952,
354953,
354969,
355000,
355104,
355109,
355115,
355118,
355202,
355365,
355368,
355380,
355386,
355555,
355560,
355567,
355568,
355570,
355580,
355703,
355730,
355799,
355829,
355912,
355961,
355967,
356008,
356154,
356160,
356217,
356219,
356227,
356270,
356309,
356454,
356457,
356491,
356616,
356619,
356626,
356645,
356651,
356698,
356867,
357007,
357087,
357088,
357136,
357267,
357354,
357392,
357401,
357404,
357417,
357493,
357543,
357574,
357579,
357636,
357650,
357696,
357954,
358083,
358084,
358125,
358153,
358172,
358282,
358300,
358304,
358413,
358528,
358626,
358677,
358689,
358855,
358924,
359111,
359222,
359245,
359268,
359318,
359319,
359321,
359329,
359394,
359428,
359467,
359479,
359492,
359494,
359532,
359536,
359592,
359594,
359607,
359651,
359663,
359686,
359697,
359698,
359711,
359715,
359743,
359816,
359864,
359922,
359971,
360098,
360128,
360183,
360226,
360249,
360261,
360278,
360365,
360372,
360414,
360529,
360670,
360726,
360772,
360955,
360958,
360962,
361042,
361047,
361137,
361178,
361280,
361314,
361323,
361486,
361617,
361636,
361643,
361644,
361648,
361826,
361864,
361999,
362037,
362039,
362183,
362198,
362228,
362237,
362281,
362284,
362292,
362311,
362373,
362382,
362413,
362416,
362421,
362422,
362438,
362483,
362488,
362552,
362567,
362572,
362633,
362664,
362803,
362967,
362985,
362989,
363030,
363124,
363127,
363144,
363269,
363353,
363374,
363379,
363435,
363603,
363614,
363619,
363715,
363774,
363782,
363893,
363939,
364188,
364191,
364235,
364328,
364393,
364446,
364508,
364548,
364564,
364754,
364768,
364783,
364804,
364817,
364856,
364857,
364858,
365006,
365202,
365203,
365378,
365398,
365635,
365665,
365826,
365828,
365861,
365961,
365966,
366359,
366474,
366500,
366506,
366528,
366556,
366615,
366622,
366737,
366874,
366876,
366970,
367246,
367250,
367258,
367372,
367412,
367482,
367483,
367610,
367755,
367776,
367794,
367833,
367835,
367865,
367881,
368007,
368063,
368256,
368257,
368321,
368477,
368510,
368543,
368712,
368818,
368898,
368904,
368910,
368911,
369017,
369018,
369019,
369039,
369241,
369250,
369333,
369393,
369556,
369832,
370008,
370012,
370144,
370184,
370191,
370231,
370258,
370283,
370350,
370356,
370451,
370475,
370611,
370665,
370676,
370677,
370680,
370681,
370682,
370690,
370713,
370783,
370841,
370853,
370908,
371136,
371173,
371177,
371188,
371281,
371297,
371300,
371301,
371368,
371373,
371556,
371557,
371679,
371779,
371834,
371889,
371914,
372017,
372018,
372019,
372046,
372060,
372068,
372081,
372104,
372178,
372248,
372354,
372574,
372615,
372623,
372657,
372692,
372697,
372700,
372828,
372872,
373049,
373067,
373102,
373117,
373122,
373186,
373188,
373308,
373469,
373479,
373526,
373578,
373584,
373700,
373714,
373775,
373800,
373819,
373866,
373881,
373994,
374007,
374260,
374264,
374324,
374325,
374326,
374406,
374437,
374439,
374446,
374585,
374604,
374673,
374674,
374729,
374781,
374834,
374917,
374990,
374996,
375002,
375097,
375223,
375252,
375255,
375259,
375578,
375595,
375596,
375602,
375724,
375731,
375747,
375808,
375862,
375991,
375999,
376089,
376112,
376123,
376149,
376181,
376206,
376210,
376212,
376220,
376258,
376262,
376315,
376318,
376326,
376327,
376681,
376695,
376795,
376946,
376947,
376949,
376950,
376951,
376952,
376953,
376968,
377002,
377096,
377108,
377138,
377265,
377267,
377272,
377491,
377505,
377510,
377556,
377658,
377681,
377720,
378056,
378074,
378090,
378091,
378092,
378105,
378242,
378259,
378311,
378396,
378504,
378522,
378527,
378529,
378531,
378579,
378657,
378660,
378702,
378743,
378748,
378919,
379023,
379027,
379030,
379036,
379070,
379075,
379117,
379219,
379260,
379263,
379310,
379355,
379384,
379396,
379442,
379446,
379454,
379460,
379463,
379479,
379486,
379526,
379540,
379606,
379610,
379619,
379629,
379634,
379864,
379900,
379906,
379924,
379938,
379967,
380014,
380055,
380092,
380141,
380153,
380209,
380226,
380239,
380263,
380267,
380305,
380327,
380358,
380408,
380482,
380494,
380539,
380578,
380679,
380686,
380696,
380731,
380741,
380754,
380757,
380761,
380763,
380768,
380771,
380772,
380785,
380786,
380815,
380825,
380856,
381019,
381028,
381058,
381076,
381104,
381105,
381107,
381110,
381118,
381123,
381138,
381144,
381146,
381152,
381181,
381363,
381381,
381470,
381510,
381523,
381606,
381607,
381614,
381681,
381731,
381855,
381880,
382069,
382091,
382095,
382189,
382197,
382216,
382250,
382305,
382317,
382339,
382348,
382353,
382372,
382464,
382730,
382782,
382813,
382940,
382941,
382951,
383005,
383085,
383205,
383212,
383223,
383225,
383226,
383292,
383295,
383307,
383329,
383362,
383418,
383496,
383497,
383527,
383558,
383561,
383820,
384050,
384113,
384122,
384135,
384292,
384299,
384330,
384405,
384465,
384550,
384570,
384653,
384683,
384712,
384766,
384776,
384804,
384841,
384847,
384940,
385020,
385033,
385043,
385045,
385346,
385417,
385440,
385508,
385539,
385708,
385719,
385804,
385829,
385848,
385939,
385956,
385965,
385986,
386030,
386061,
386377,
386567,
386618,
386657,
386684,
386704,
386756,
386760,
386780,
386866,
386883,
386889,
386977,
387020,
387196,
387254,
387257,
387461,
387624,
387634,
387666,
387674,
387729,
387733,
387740,
387769,
387771,
387801,
387931,
387978,
388089,
388193,
388228,
388299,
388452,
388461,
388462,
388465,
388539,
388631,
388647,
388652,
388714,
388732,
388838,
388866,
388888,
388897,
388993,
389111,
389146,
389319,
389403,
389462,
389471,
389543,
389545,
389557,
389675,
389704,
389714,
389758,
389791,
389796,
389801,
389805,
389835,
389860,
389926,
389931,
389933,
390082,
390085,
390150,
390151,
390153,
390154,
390156,
390157,
390313,
390437,
390519,
390573,
390674,
390701,
390702,
391022,
391036,
391188,
391191,
391223,
391247,
391252,
391316,
391396,
391601,
391631,
391654,
391663,
391731,
391769,
391820,
391891,
391968,
392049,
392066,
392107,
392219,
392257,
392372,
392437,
392475,
392541,
392550,
392552,
392562,
392566,
392813,
392855,
392980,
393031,
393033,
393048,
393204,
393214,
393217,
393221,
393235,
393241,
393279,
393375,
393446,
393484,
393521,
393563,
393664,
393761,
394030,
394033,
394096,
394104,
394167,
394181,
394251,
394271,
394301,
394327,
394388,
394393,
394454,
394626,
394646,
394661,
394674,
394678,
394956,
394971,
394972,
394985,
394995,
395014,
395081,
395130,
395305,
395315,
395320,
395323,
395437,
395473,
395494,
395495,
395527,
395577,
395578,
395790,
395935,
395943,
395955,
395962,
395966,
396008,
396116,
396160,
396182,
396184,
396189,
396424,
396462,
396576,
396617,
396731,
396739,
396760,
396818,
396843,
396870,
396877,
396945,
397102,
397117,
397179,
397276,
397320,
397398,
397429,
397466,
397557,
397776,
397911,
398017,
398039,
398046,
398049,
398112,
398205,
398213,
398352,
398365,
398383,
398396,
398439,
398555,
398558,
398632,
398749,
398750,
398752,
398801,
398812,
398903,
398908,
398944,
398951,
398956,
399075,
399135,
399199,
399202,
399204,
399223,
399245,
399299,
399305,
399404,
399408,
399440,
399444,
399454,
399572,
399599,
399603,
399644,
399702,
399703,
399712,
399814,
399892,
399902,
399934,
400344,
400347,
400366,
400385,
400488,
400566,
400568,
400706,
400763,
400998,
401111,
401138,
401184,
401202,
401453,
401458,
401596,
401609,
401862,
401965,
402045,
402048,
402063,
402080,
402124,
402264,
402359,
402374,
402411,
402462,
402584,
402585,
402586,
402588,
402602,
402607,
402699,
402702,
402713,
402777,
402820,
402951,
403063,
403064,
403067,
403070,
403103,
403175,
403179,
403183,
403196,
403202,
403207,
403219,
403233,
403239,
403318,
403346,
403347,
403356,
403383,
403615,
403623,
403640,
403692,
403714,
403834,
403843,
403867,
403896,
403900,
403918,
404032,
404230,
404235,
404266,
404306,
404312,
404321,
404323,
404329,
404330,
404331,
404346,
404413,
404578,
404700,
404720,
404801,
404818,
404833,
404865,
404871,
404906,
405001,
405066,
405117,
405122,
405218,
405344,
405394,
405416,
405478,
405531,
405533,
405603,
405644,
405666,
405757,
405804,
405886,
405889,
405912,
405936,
405937,
405972,
406028,
406044,
406173,
406212,
406220,
406380,
406419,
406445,
406472,
406556,
406561,
406599,
406614,
406617,
406635,
406670,
406721,
406723,
406757,
406783,
406817,
406841,
406856,
406867,
406892,
406932,
406942,
406944,
406958,
406964,
407002,
407072,
407073,
407091,
407107,
407110,
407116,
407144,
407170,
407171,
407200,
407204,
407208,
407210,
407229,
407232,
407236,
407242,
407272,
407396,
407400,
407404,
407417,
407509,
407580,
407588,
407648,
407655,
407685,
407739,
407742,
407789,
407829,
407841,
407914,
407923,
407998,
408001,
408014,
408017,
408147,
408169,
408177,
408190,
408206,
408241,
408263,
408265,
408266,
408385,
408390,
408392,
408422,
408426,
408478,
408506,
408528,
408536,
408579,
408613,
408655,
408727,
408748,
408756,
408780,
408858,
408910,
408935,
409001,
409062,
409195,
409215,
409260,
409323,
409332,
409333,
409337,
409604,
409693,
409763,
409784,
409806,
409951,
409954,
409967,
409969,
409973,
409998,
410020,
410029,
410075,
410077,
410124,
410125,
410127,
410130,
410131,
410132,
410135,
410136,
410157,
410160,
410191,
410240,
410316,
410331,
410372,
410429,
410437,
410448,
410453,
410472,
410506,
410523,
410615,
410629,
410631,
410636,
410660,
410676,
410713,
410726,
410734,
410761,
410786,
410789,
410885,
410893,
410899,
410919,
410973,
411114,
411117,
411125,
411127,
411128,
411133,
411297,
411359,
411429,
411517,
411528,
411598,
411645,
411648,
411649,
411656,
411690,
411737,
411802,
412007,
412036,
412051,
412057,
412074,
412075,
412077,
412079,
412098,
412113,
412149,
412174,
412243,
412364,
412385,
412506,
412685,
412778,
412788,
412789,
412814,
412932,
412933,
413054,
413056,
413069,
413105,
413165,
413232,
413293,
413352,
413445,
413491,
413529,
413533,
413545,
413546,
413729,
413759,
413780,
413783,
413789,
413852,
413871,
413909,
413978,
414105,
414106,
414118,
414152,
414161,
414182,
414186,
414322,
414330,
414335,
414390,
414392,
414492,
414565,
414615,
414663,
414799,
414800,
414831,
414848,
414871,
414971,
415031,
415048,
415141,
415196,
415232,
415242,
415447,
415484,
415487,
415488,
415496,
415528,
415534,
415569,
415592,
415622,
415656,
415678,
415829,
415838,
415868,
415876,
415883,
415896,
416020,
416076,
416107,
416163,
416195,
416206,
416213,
416231,
416251,
416262,
416415,
416565,
416607,
416608,
416612,
416775,
416789,
416832,
417106,
417185,
417232,
417248,
417290,
417296,
417316,
417319,
417329,
417349,
417492,
417519,
417523,
417556,
417575,
417630,
417668,
417876,
417973,
418135,
418255,
418257,
418258,
418287,
418288,
418289,
418291,
418303,
418319,
418324,
418414,
418415,
418485,
418487,
418491,
418492,
418493,
418683,
418692,
418753,
418793,
418892,
418894,
418911,
418914,
418922,
418996,
419025,
419149,
419259,
419364,
419424,
419510,
419523,
419575,
419587,
419597,
419604,
419610,
419666,
419860,
419879,
419883,
419921,
419965,
420040,
420277,
420308,
420322,
420369,
420377,
420387,
420468,
420567,
420695,
420705,
420740,
420782,
421074,
421081,
421138,
421146,
421151,
421183,
421201,
421202,
421206,
421214,
421216,
421218,
421225,
421228,
421237,
421246,
421248,
421252,
421262,
421286,
421289,
421293,
421314,
421370,
421381,
421382,
421402,
421420,
421437,
421453,
421469,
421475,
421622,
421659,
421715,
421741,
421829,
421876,
422025,
422063,
422072,
422073,
422080,
422086,
422148,
422156,
422161,
422164,
422174,
422258,
422263,
422276,
422317,
422383,
422616,
422638,
422639,
422662,
422706,
422799,
422807,
422846,
422847,
422866,
422886,
422887,
422904,
422937,
422973,
423038,
423042,
423084,
423262,
423274,
423278,
423317,
423502,
423545,
423652,
423672,
423675,
423679,
423688,
423727,
423783,
423826,
423835,
423838,
423856,
423857,
423890,
423928,
423995,
424071,
424112,
424181,
424223,
424239,
424320,
424493,
424648,
424660,
424775,
424914,
424919,
424921,
425047,
425058,
425067,
425091,
425204,
425214,
425220,
425233,
425249,
425366,
425378,
425380,
425388,
425396,
425430,
425477,
425478,
425523,
425532,
425571,
425572,
425729,
425785,
425903,
425983,
426009,
426017,
426074,
426095,
426125,
426135,
426162,
426252,
426283,
426415,
426476,
426485,
426515,
426519,
426532,
426535,
426537,
426580,
426588,
426633,
426645,
426651,
426652,
426664,
426669,
426673,
426791,
426850,
426911,
426919,
426924,
426974,
426986,
426993,
426994,
427008,
427022,
427024,
427031,
427051,
427124,
427145,
427170,
427182,
427234,
427235,
427273,
427347,
427366,
427387,
427403,
427538,
427622,
427671,
427759,
427840,
427846,
427855,
427894,
427897,
427898,
427899,
427909,
428017,
428199,
428202,
428209,
428268,
428282,
428303,
428305,
428317,
428318,
428332,
428338,
428379,
428399,
428410,
428432,
428433,
428467,
428684,
428736,
428820,
428914,
428927,
428962,
428969,
428974,
428982,
428991,
428993,
428995,
429035,
429037,
429039,
429064,
429126,
429177,
429186,
429218,
429243,
429255,
429338,
429357,
429391,
429394,
429429,
429430,
429468,
429500,
429627,
429719,
429736,
429739,
429751,
429824,
429837,
429842,
429845,
429850,
429878,
429976,
429993,
430014,
430042,
430043,
430058,
430159,
430274,
430309,
430312,
430408,
430468,
430471,
430506,
430523,
430594,
430630,
430633,
430662,
430676,
430684,
430726,
430741,
430963,
430964,
430994,
431102,
431287,
431358,
431395,
431404,
431409,
431425,
431470,
431477,
431488,
431509,
431517,
431518,
431525,
431660,
431686,
431766,
431771,
431793,
431868,
431870,
431871,
431873,
431874,
431878,
431926,
431968,
432008,
432036,
432037,
432038,
432039,
432082,
432131,
432138,
432245,
432301,
432340,
432342,
432353,
432370,
432391,
432418,
432527,
432530,
432748,
432886,
432901,
432904,
432908,
432973,
433049,
433058,
433067,
433217,
433237,
433336,
433339,
433469,
433482,
433486,
433505,
433508,
433583,
433598,
433624,
433697,
433745,
433848,
433851,
433857,
433883,
433937,
434049,
434052,
434054,
434062,
434069,
434096,
434109,
434144,
434163,
434190,
434192,
434194,
434212,
434287,
434309,
434330,
434338,
434345,
434369,
434406,
434407,
434466,
434493,
434722,
434743,
434777,
434873,
434927,
434935,
434991,
435027,
435032,
435034,
435041,
435044,
435055,
435057,
435058,
435063,
435075,
435083,
435105,
435131,
435216,
435234,
435277,
435291,
435330,
435440,
435471,
435541,
435575,
435607,
435618,
435690,
435711,
435713,
435719,
435889,
435907,
435942,
435963,
435965,
435974,
435976,
436012,
436035,
436203,
436222,
436229,
436234,
436259,
436330,
436362,
436395,
436478,
436722,
436727,
436730,
436736,
436753,
436766,
436770,
436784,
436786,
436787,
436800,
436801,
436804,
436854,
436883,
436955,
436969,
436996,
437007,
437035,
437037,
437139,
437165,
437177,
437184,
437199,
437208,
437209,
437211,
437222,
437251,
437294,
437295,
437296,
437306,
437314,
437406,
437441,
437522,
437524,
437543,
437569,
437578,
437579,
437620,
437622,
437657,
437695,
437716,
437752,
437776,
437778,
437784,
437872,
437887,
437911,
437942,
437945,
437957,
437967,
437971,
437974,
437980,
437984,
437995,
437997,
438021,
438025,
438027,
438048,
438060,
438109,
438135,
438151,
438277,
438317,
438320,
438395,
438426,
438470,
438505,
438512,
438537,
438543,
438547,
438548,
438559,
438589,
438621,
438772,
438778,
438794,
438875,
438927,
438968,
439015,
439021,
439122,
439128,
439153,
439188,
439200,
439205,
439206,
439207,
439214,
439246,
439255,
439263,
439264,
439294,
439295,
439296,
439425,
439428,
439445,
439547,
439564,
439575,
439598,
439610,
439622,
439658,
439701,
439722,
439728,
439759,
439768,
439849,
439850,
439980,
439996,
440009,
440012,
440030,
440104,
440236,
440239,
440322,
440370,
440385,
440390,
440392,
440407,
440412,
440503,
440507,
440570,
440608,
441002,
441102,
441111,
441304,
441319,
441377,
441388,
441402,
441418,
441450,
441473,
441501,
441579,
441601,
441629,
441648,
441657,
441677,
441689,
441724,
441767,
441785,
441846,
441855,
441884,
441950,
441973,
441998,
442018,
442043,
442108,
442110,
442130,
442158,
442178,
442179,
442220,
442221,
442250,
442253,
442265,
442280,
442285,
442325,
442367,
442487,
442506,
442714,
442821,
442860,
442871,
442916,
442932,
442944,
443039,
443195,
443197,
443200,
443230,
443232,
443360,
443427,
443443,
443447,
443480,
443484,
443512,
443515,
443523,
443716,
443802,
443816,
443942,
444043,
444069,
444075,
444076,
444130,
444141,
444152,
444190,
444252,
444259,
444376,
444460,
444491,
444494,
444531,
444542,
444591,
444609,
444628,
444633,
444692,
444770,
444787,
444988,
445028,
445049,
445059,
445069,
445072,
445074,
445075,
445079,
445089,
445098,
445101,
445102,
445103,
445104,
445105,
445107,
445108,
445157,
445194,
445265,
445362,
445367,
445385,
445498,
445502,
445569,
445610,
445615,
445619,
445621,
445622,
445623,
445672,
445728,
445773,
445851,
445857,
445858,
445860,
445904,
445907,
445911,
445928,
445985,
446007,
446056,
446061,
446119,
446143,
446422,
446423,
446515,
446537,
446563,
446665,
446686,
446754,
446881,
446890,
446902,
446903,
446905,
446927,
446932,
446934,
447013,
447069,
447090,
447100,
447267,
447274,
447279,
447294,
447340,
447343,
447354,
447505,
447545,
447553,
447554,
447601,
447634,
447648,
447656,
447657,
447712,
447761,
447763,
447790,
447798,
447833,
447844,
447897,
447904,
447912,
447924,
447926,
447942,
447963,
447968,
447971,
447987,
447994,
447995,
448054,
448056,
448071,
448074,
448127,
448163,
448178,
448205,
448209,
448225,
448239,
448269,
448270,
448318,
448341,
448370,
448381,
448382,
448384,
448399,
448533,
448618,
448660,
448684,
448697,
448699,
448738,
448781,
448816,
448861,
448866,
448867,
448879,
448880,
448884,
448886,
448898,
448911,
449056,
449058,
449086,
449088,
449092,
449093,
449095,
449101,
449105,
449106,
449112,
449116,
449117,
449121,
449126,
449133,
449134,
449138,
449140,
449145,
449157,
449178,
449179,
449199,
449215,
449299,
449479,
449480,
449500,
449595,
449657,
449686,
449741,
449780,
449943,
450060,
450091,
450138,
450147,
450184,
450194,
450208,
450220,
450268,
450304,
450338,
450367,
450371,
450462,
450568,
450570,
450573,
450619,
450825,
450862,
450947,
450956,
450964,
450976,
451020,
451121,
451140,
451144,
451159,
451248,
451308,
451310,
451318,
451319,
451333,
451409,
451472,
451515,
451563,
451580,
451695,
451726,
451786,
451816,
451831,
451845,
451864,
451868,
451877,
451878,
451879,
451954,
451990,
452028,
452029,
452040,
452066,
452070,
452073,
452081,
452084,
452101,
452103,
452111,
452117,
452132,
452149,
452169,
452230,
452237,
452246,
452336,
452398,
452401,
452405,
452416,
452439,
452512,
452515,
452537,
452547,
452552,
452574,
452580,
452584,
452612,
452626,
452629,
452697,
452708,
452816,
452905,
452906,
452960,
452961,
452963,
452991,
453019,
453043,
453048,
453059,
453067,
453102,
453387,
453403,
453414,
453474,
453477,
453484,
453512,
453522,
453671,
453672,
453690,
453695,
453999,
454023,
454035,
454097,
454104,
454178,
454190,
454200,
454229,
454236,
454246,
454249,
454250,
454255,
454262,
454278,
454284,
454286,
454380,
454383,
454407,
454413,
454417,
454422,
454445,
454467,
454478,
454554,
454558,
454566,
454571,
454592,
454617,
454618,
454773,
454787,
454815,
454865,
454872,
455052,
455100,
455243,
455278,
455315,
455317,
455330,
455337,
455355,
455420,
455436,
455484,
455500,
455509,
455517,
455599,
455627,
455663,
455671,
455736,
455750,
455751,
455771,
455786,
455810,
455825,
455867,
455901,
455904,
455925,
456005,
456090,
456122,
456126,
456127,
456181,
456183,
456192,
456199,
456273,
456386,
456394,
456406,
456409,
456463,
456498,
456501,
456505,
456515,
456533,
456543,
456591,
456593,
456629,
456807,
456846,
457007,
457022,
457032,
457082,
457115,
457128,
457129,
457139,
457144,
457202,
457209,
457233,
457237,
457327,
457333,
457335,
457386,
457429,
457457,
457459,
457461,
457511,
457543,
457548,
457559,
457613,
457620,
457647,
457650,
457651,
457656,
457699,
457723,
457797,
457824,
457841,
457842,
457844,
457845,
457858,
457884,
457886,
457892,
457928,
457951,
457974,
457976,
457977,
457979,
458000,
458013,
458019,
458070,
458075,
458097,
458105,
458106,
458111,
458160,
458199,
458203,
458243,
458264,
458341,
458350,
458351,
458354,
458360,
458379,
458384,
458390,
458424,
458430,
458463,
458507,
458508,
458509,
458510,
458608,
458617,
458621,
458624,
458735,
458747,
458755,
458801,
458831,
458836,
458854,
458890,
458922,
458937,
458958,
458961,
458995,
459070,
459073,
459074,
459108,
459127,
459151,
459152,
459154,
459287,
459297,
459301,
459307,
459421,
459432,
459451,
459473,
459475,
459480,
459529,
459530,
459539,
459569,
459570,
459589,
459628,
459677,
459690,
459691,
459772,
459775,
459856,
459994,
460036,
460040,
460047,
460065,
460083,
460092,
460118,
460120,
460225,
460238,
460474,
460573,
460797,
460837,
460880,
460898,
460992,
461049,
461057,
461058,
461063,
461067,
461071,
461133,
461200,
461201,
461203,
461225,
461235,
461277,
461285,
461322,
461385,
461389,
461395,
461404,
461407,
461411,
461414,
461474,
461478,
461479,
461526,
461544,
461550,
461557,
461570,
461591,
461614,
461722,
461725,
461745,
461767,
461820,
461868,
461887,
461889,
461890,
461894,
461919,
461936,
462019,
462228,
462261,
462279,
462297,
462370,
462378,
462389,
462414,
462431,
462570,
462573,
462625,
462626,
462632,
462634,
462674,
462684,
462687,
462709,
462732,
462739,
462740,
462752,
462754,
462775,
462776,
462803,
462820,
462840,
462849,
462850,
462874,
462875,
462877,
462894,
462896,
462898,
462902,
462904,
462940,
462949,
463007,
463022,
463023,
463032,
463034,
463037,
463040,
463046,
463078,
463085,
463153,
463177,
463199,
463251,
463268,
463282,
463288,
463307,
463322,
463328,
463350,
463360,
463402,
463409,
463410,
463538,
463544,
463546,
463552,
463562,
463585,
463622,
463657,
463681,
463682,
463778,
463811,
463816,
463819,
463820,
463824,
463827,
463842,
463856,
463891,
463892,
463903,
463936,
463942,
463973,
463981,
464033,
464072,
464073,
464077,
464104,
464115,
464166,
464176,
464181,
464184,
464196,
464197,
464204,
464281,
464571,
464572,
464595,
464623,
464624,
464656,
464661,
464689,
464781,
464811,
464830,
464886,
464897,
464953,
465032,
465049,
465052,
465053,
465084,
465173,
465176,
465229,
465257,
465266,
465268,
465288,
465358,
465391,
465418,
465427,
465436,
465442,
465444,
465450,
465451,
465483,
465511,
465535,
465543,
465571,
465572,
465591,
465617,
465630,
465632,
465663,
465703,
465819,
465876,
465889,
465917,
465944,
465995,
466044,
466051,
466059,
466060,
466061,
466068,
466070,
466089,
466127,
466155,
466157,
466158,
466159,
466163,
466171,
466172,
466174,
466181,
466184,
466185,
466196,
466198,
466201,
466322,
466357,
466406,
466412,
466459,
466475,
466484,
466552,
466558,
466569,
466573,
466582,
466672,
466673,
466683,
466685,
466686,
466764,
466765,
466772,
466807,
466848,
466881,
466909,
466914,
467047,
467073,
467083,
467084,
467119,
467137,
467205,
467281,
467282,
467283,
467295,
467299,
467316,
467326,
467340,
467432,
467476,
467487,
467511,
467515,
467573,
467671,
467674,
467688,
467694,
467717,
467719,
467731,
467801,
467857,
467888,
467948,
468015,
468019,
468024,
468199,
468207,
468231,
468248,
468256,
468261,
468277,
468315,
468346,
468369,
468398,
468399,
468401,
468404,
468405,
468408,
468410,
468416,
468423,
468440,
468472,
468477,
468509,
468533,
468564,
468569,
468582,
468638,
468668,
468682,
468688,
468729,
468730,
468742,
468862,
468864,
468937,
468949,
468997,
469003,
469027,
469028,
469029,
469034,
469074,
469076,
469142,
469143,
469147,
469151,
469159,
469160,
469212,
469292,
469416,
469418,
469457,
469461,
469472,
469480,
469486,
469540,
469559,
469573,
469579,
469621,
469634,
469671,
469679,
469694,
469706,
469735,
469901,
469902,
469905,
469930,
469945,
469978,
469987,
469989,
470092,
470094,
470095,
470100,
470101,
470129,
470132,
470133,
470145,
470150,
470154,
470157,
470163,
470165,
470182,
470214,
470249,
470369,
470414,
470441,
470465,
470512,
470529,
470569,
470624,
470705,
470719,
470721,
470723,
470759,
470787,
470788,
470803,
470811,
470852,
470853,
470891,
470930,
470935,
470936,
470971,
470983,
471015,
471092,
471099,
471120,
471139,
471175,
471225,
471226,
471244,
471256,
471273,
471320,
471322,
471327,
471345,
471356,
471396,
471400,
471408,
471409,
471411,
471549,
471579,
471627,
471628,
471648,
471662,
471664,
471666,
471667,
471668,
471669,
471712,
471730,
471757,
471758,
471905,
471911,
471920,
471952,
471994,
471995,
472000,
472003,
472009,
472064,
472103,
472121,
472125,
472135,
472145,
472157,
472165,
472166,
472174,
472180,
472190,
472192,
472217,
472231,
472233,
472236,
472241,
472242,
472252,
472265,
472303,
472328,
472329,
472330,
472342,
472345,
472347,
472349,
472366,
472368,
472371,
472391,
472404,
472495,
472522,
472552,
472618,
472708,
472709,
472727,
472780,
472785,
472787,
472788,
472789,
472799,
472800,
472824,
472828,
472841,
472847,
472849,
472855,
472940,
472942,
472956,
472973,
473039,
473040,
473047,
473059,
473075,
473099,
473132,
473137,
473165,
473188,
473197,
473222,
473224,
473231,
473234,
473237,
473263,
473410,
473431,
473711,
473762,
473845,
473865,
473871,
473878,
473919,
473923,
473927,
473929,
473930,
473933,
473944,
473971,
473972,
474033,
474044,
474091,
474096,
474098,
474099,
474127,
474147,
474148,
474193,
474215,
474234,
474258,
474273,
474276,
474280,
474298,
474299,
474321,
474337,
474345,
474351,
474361,
474365,
474373,
474374,
474376,
474410,
474426,
474495,
474509,
474512,
474520,
474548,
474578,
474632,
474634,
474636,
474728,
474739,
474742,
474764,
474774,
474817,
474818,
474909,
474937,
474944,
474988,
475008,
475011,
475012,
475014,
475029,
475047,
475081,
475099,
475102,
475103,
475152,
475154,
475156,
475172,
475192,
475193,
475225,
475255,
475262,
475287,
475340,
475342,
475485,
475494,
475635,
475646,
475665,
475726,
475727,
475728,
475735,
475740,
475741,
475754,
475755,
475757,
475791,
475812,
475838,
475866,
475897,
475924,
476001,
476013,
476028,
476032,
476054,
476060,
476063,
476065,
476068,
476113,
476154,
476172,
476193,
476219,
476264,
476304,
476325,
476461,
476492,
476517,
476530,
476540,
476554,
476582,
476607,
476621,
476641,
476642,
476643,
476665,
476679,
476728,
476730,
476733,
476736,
476847,
476889,
476994,
477026,
477029,
477048,
477058,
477130,
477236,
477245,
477306,
477317,
477370,
477384,
477398,
477400,
477402,
477446,
477479,
477485,
477541,
477569,
477573,
477580,
477588,
477607,
477647,
477653,
477681,
477732,
477740,
477746,
477835,
477850,
477854,
477866,
477875,
477923,
477926,
477956,
477957,
477976,
477978,
478046,
478052,
478072,
478128,
478143,
478195,
478210,
478238,
478263,
478290,
478295,
478299,
478301,
478358,
478431,
478463,
478466,
478523,
478526,
478556,
478590,
478594,
478608,
478631,
478633,
478639,
478672,
478674,
478712,
478778,
478779,
478800,
478806,
478812,
478834,
478854,
478870,
478871,
478910,
478926,
478927,
478937,
478938,
478982,
478999,
479021,
479026,
479042,
479064,
479067,
479068,
479069,
479072,
479082,
479084,
479093,
479099,
479125,
479133,
479136,
479142,
479145,
479150,
479160,
479259,
479260,
479265,
479267,
479272,
479291,
479358,
479367,
479372,
479409,
479423,
479440,
479441,
479444,
479446,
479490,
479562,
479567,
479578,
479580,
479583,
479584,
479586,
479595,
479600,
479602,
479614,
479619,
479684,
479690,
479774,
479785,
479822,
479847,
479850,
479861,
479878,
479891,
479893,
479931,
479933,
479940,
479944,
480001,
480044,
480060,
480199,
480201,
480203,
480243,
480244,
480263,
480265,
480286,
480290,
480305,
480326,
480327,
480357,
480368,
480414,
480432,
480450,
480455,
480474,
480478,
480501,
480542,
480620,
480756,
480768,
480772,
480782,
480826,
480877,
480880,
480914,
480925,
480926,
480933,
480972,
480984,
480998,
481034,
481059,
481066,
481079,
481102,
481144,
481203,
481211,
481308,
481312,
481313,
481315,
481323,
481350,
481389,
481403,
481414,
481420,
481467,
481489,
481548,
481670,
481836,
481846,
481873,
481874,
481901,
481906,
481918,
481927,
481928,
481966,
482022,
482056,
482058,
482102,
482120,
482134,
482177,
482217,
482248,
482253,
482341,
482342,
482464,
482478,
482481,
482484,
482490,
482506,
482509,
482515,
482527,
482528,
482561,
482562,
482582,
482583,
482586,
482600,
482632,
482634,
482651,
482661,
482664,
482690,
482696,
482705,
482754,
482762,
482778,
482787,
482808,
482812,
482813,
482815,
482864,
482886,
482925,
482991,
483023,
483057,
483063,
483168,
483222,
483256,
483266,
483271,
483279,
483302,
483310,
483312,
483317,
483337,
483338,
483353,
483354,
483358,
483480,
483508,
483523,
483589,
483590,
483599,
483620,
483640,
483676,
483694,
483712,
483713,
483716,
483723,
483738,
483739,
483751,
483792,
483795,
483822,
483837,
483845,
483858,
483878,
483884,
483898,
483920,
483932,
483933,
483962,
483963,
483964,
483969,
483977,
483988,
483989,
483993,
484034,
484064,
484086,
484098,
484104,
484107,
484108,
484119,
484124,
484164,
484171,
484178,
484185,
484346,
484352,
484363,
484365,
484367,
484368,
484372,
484407,
484435,
484446,
484478,
484480,
484494,
484501,
484515,
484521,
484539,
484563,
484566,
484569,
484571,
484573,
484576,
484579,
484589,
484611,
484621,
484627,
484635,
484638,
484653,
484670,
484707,
484717,
484727,
484731,
484748,
484750,
484753,
484775,
484807,
484810,
484814,
484839,
484845,
484850,
484852,
484853,
484859,
484860,
484871,
484911,
484920,
484956,
484965,
484966,
484982,
484984,
485031,
485039,
485041,
485070,
485078,
485083,
485105,
485199,
485346,
485350,
485463,
485464,
485492,
485510,
485514,
485518,
485533,
485551,
485572,
485573,
485583,
485630,
485676,
485678,
485691,
485694,
485708,
485739,
485740,
485748,
485754,
485782,
485850,
485852,
485880,
485947,
485956,
485961,
485966,
485979,
485984,
485997,
486013,
486053,
486074,
486085,
486099,
486114,
486123,
486124,
486127,
486130,
486141,
486147,
486154,
486180,
486193,
486205,
486206,
486210,
486262,
486268,
486275,
486327,
486332,
486494,
486497,
486504,
486508,
486528,
486537,
486540,
486541,
486548,
486554,
486556,
486629,
486630,
486815,
486829,
486832,
486883,
486884,
486889,
486900,
486902,
486915,
486936,
486940,
487032,
487039,
487041,
487048,
487064,
487078,
487108,
487161,
487162,
487169,
487176,
487179,
487181,
487184,
487186,
487188,
487189,
487200,
487216,
487246,
487335,
487364,
487370,
487374,
487396,
487451,
487491,
487497,
487508,
487530,
487541,
487548,
487552,
487599,
487629,
487707,
487738,
487745,
487786,
487819,
487847,
487908,
487917,
487921,
487931,
487932,
487933,
487934,
487940,
487941,
487955,
487966,
487988,
487989,
487992,
487999,
488003,
488007,
488028,
488039,
488040,
488042,
488060,
488072,
488103,
488116,
488117,
488168,
488192,
488211,
488212,
488235,
488383,
488432,
488434,
488473,
488491,
488497,
488530,
488568,
488573,
488575,
488581,
488585,
488605,
488648,
488693,
488701,
488714,
488721,
488725,
488758,
488759,
488791,
488830,
488835,
488837,
488840,
488861,
488906,
488931,
488949,
488964,
488967,
488974,
488980,
489001,
489002,
489008,
489022,
489044,
489075,
489084,
489094,
489160,
489209,
489295,
489306,
489401,
489426,
489429,
489430,
489448,
489714,
489718,
489739,
489803,
489823,
489831,
489850,
489856,
489859,
489914,
489917,
489918,
489922,
489931,
489941,
489958,
489976,
490016,
490028,
490032,
490059,
490074,
490104,
490110,
490121,
490122,
490125,
490148,
490190,
490198,
490209,
490219,
490220,
490221,
490240,
490241,
490255,
490284,
490304,
490309,
490310,
490314,
490317,
490368,
490371,
490372,
490417,
490424,
490425,
490439,
490450,
490456,
490457,
490466,
490470,
490471,
490472,
490476,
490489,
490562,
490568,
490627,
490631,
490651,
490652,
490688,
490718,
490765,
490795,
490825,
490829,
490837,
490845,
490848,
490873,
490875,
490913,
490926,
490927,
490951,
490959,
490960,
490981,
490985,
490991,
490993,
491011,
491013,
491025,
491058,
491059,
491066,
491069,
491072,
491105,
491106,
491107,
491135,
491222,
491234,
491237,
491243,
491273,
491279,
491282,
491288,
491292,
491293,
491307,
491310,
491316,
491327,
491334,
491335,
491351,
491352,
491383,
491384,
491395,
491491,
491502,
491516,
491519,
491542,
491642,
491654,
491661,
491751,
491764,
491766,
491767,
491783,
491839,
491911,
491924,
491932,
491944,
491960,
491961,
491962,
491965,
491968,
491976,
491979,
491980,
491981,
491983,
491985,
491987,
491994,
491999,
492002,
492053,
492069,
492090,
492105,
492129,
492146,
492190,
492206,
492221,
492247,
492266,
492289,
492291,
492312,
492328,
492362,
492403,
492432,
492456,
492463,
492503,
492561,
492577,
492588,
492614,
492626,
492631,
492658,
492659,
492681,
492682,
492683,
492690,
492698,
492702,
492712,
492713,
492714,
492715,
492717,
492719,
492720,
492724,
492730,
492737,
492739,
492740,
492746,
492764,
492778,
492780,
492789,
492836,
492837,
492844,
492845,
492864,
492883,
492887,
492903,
493014,
493038,
493042,
493055,
493064,
493074,
493077,
493081,
493085,
493099,
493126,
493161,
493244,
493260,
493267,
493268,
493325,
493400,
493407,
493422,
493429,
493442,
493444,
493445,
493462,
493508,
493519,
493552,
493570,
493583,
493692,
493759,
493760,
493790,
493811,
493821,
493826,
493882,
493884,
493945,
493947,
494010,
494049,
494058,
494068,
494072,
494089,
494094,
494097,
494176,
494203,
494225,
494226,
494259,
494274,
494285,
494300,
494308,
494309,
494311,
494315,
494316,
494321,
494468,
494517,
494519,
494526,
494539,
494541,
494550,
494551,
494555,
494562,
494579,
494585,
494589,
494590,
494591,
494625,
494628,
494679,
494693,
494697,
494714,
494797,
494804,
494805,
494807,
494811,
494824,
494830,
494862,
494865,
494866,
494869,
494884,
494890,
494913,
494933,
494964,
494970,
494978,
494982,
494984,
494985,
495004,
495009,
495020,
495086,
495088,
495108,
495122,
495142,
495215,
495225,
495236,
495266,
495313,
495321,
495332,
495335,
495336,
495353,
495358,
495373,
495374,
495376,
495377,
495401,
495464,
495487,
495497,
495500,
495522,
495751,
495757,
495781,
495849,
495850,
495851,
495852,
495853,
495866,
495870,
495935,
495959,
495963,
495970,
495973,
495979,
495988,
496013,
496037,
496081,
496100,
496117,
496130,
496139,
496160,
496162,
496166,
496195,
496220,
496240,
496253,
496260,
496266,
496270,
496368,
496382,
496396,
496425,
496444,
496519,
496531,
496559,
496564,
496579,
496592,
496604,
496705,
496748,
496759,
496761,
496766,
496785,
496786,
496787,
496795,
496797,
496812,
496820,
496833,
496845,
496865,
496921,
496944,
496949,
496955,
496963,
496997,
497026,
497038,
497040,
497041,
497048,
497088,
497109,
497174,
497255,
497268,
497294,
497295,
497307,
497326,
497363,
497369,
497378,
497390,
497393,
497466,
497487,
497497,
497516,
497607,
497624,
497632,
497634,
497636,
497649,
497657,
497673,
497681,
497683,
497700,
497703,
497707,
497717,
497723,
497734,
497754,
497794,
497798,
497901,
497949,
497967,
497974,
498019,
498043,
498049,
498052,
498058,
498059,
498068,
498073,
498127,
498146,
498180,
498188,
498201,
498212,
498240,
498256,
498430,
498432,
498452,
498465,
498490,
498565,
498650,
498653,
498673,
498678,
498694,
498702,
498737,
498747,
498781,
498816,
498848,
498884,
498885,
498894,
498907,
498923,
498929,
498963,
498993,
499002,
499003,
499017,
499057,
499061,
499123,
499129,
499153,
499189,
499198,
499240,
499241,
499277,
499286,
499295,
499297,
499329,
499343,
499435,
499447,
499512,
499517,
499545,
499560,
499575,
499618,
499675,
499701,
499708,
499709,
499714,
499717,
499778,
499796,
499851,
499883,
499900,
499901,
499915,
499924,
500115,
500143,
500165,
500219,
500287,
500298,
500322,
500325,
500326,
500397,
500447,
500493,
500546,
500560,
500642,
500651,
500661,
500666,
500692,
500693,
500694,
500708,
500732,
500734,
500735,
500736,
500741,
500765,
500768,
500800,
500831,
500835,
500854,
500873,
500920,
500929,
500951,
500961,
501007,
501011,
501045,
501050,
501055,
501061,
501075,
501120,
501170,
501173,
501182,
501183,
501244,
501278,
501281,
501292,
501306,
501313,
501316,
501329,
501332,
501334,
501343,
501406,
501503,
501530,
501563,
501579,
501599,
501605,
501637,
501682,
501731,
501736,
501738,
501752,
501806,
501809,
501810,
501841,
501946,
501948,
501950,
501955,
501962,
501983,
501994,
502002,
502009,
502011,
502013,
502016,
502035,
502036,
502051,
502098,
502221,
502405,
502460,
502461,
502602,
502608,
502633,
502649,
502655,
502657,
502708,
502756,
502789,
502809,
502830,
502839,
502845,
502855,
502861,
502886,
502959,
502968,
502969,
503013,
503058,
503068,
503223,
503231,
503262,
503263,
503281,
503313,
503317,
503320,
503331,
503333,
503351,
503357,
503410,
503415,
503419,
503430,
503532,
503535,
503544,
503545,
503550,
503555,
503556,
503581,
503590,
503592,
503630,
503634,
503679,
503723,
503731,
503765,
503786,
503798,
503847,
503848,
503882,
503912,
503923,
503954,
503956,
503966,
503977,
503982,
504014,
504118,
504135,
504157,
504163,
504175,
504187,
504210,
504231,
504233,
504240,
504241,
504296,
504356,
504370,
504385,
504391,
504398,
504399,
504411,
504509,
504571,
504610,
504674,
504729,
504884,
504956,
504968,
504969,
504972,
505004,
505024,
505051,
505053,
505066,
505173,
505201,
505209,
505234,
505242,
505259,
505275,
505302,
505342,
505357,
505378,
505405,
505407,
505409,
505435,
505483,
505500,
505506,
505550,
505571,
505593,
505642,
505655,
505672,
505754,
505802,
505825,
505867,
505920,
505967,
505987,
506005,
506038,
506040,
506091,
506166,
506216,
506247,
506270,
506272,
506309,
506313,
506324,
506386,
506388,
506549,
506632,
506680,
506696,
506790,
506843,
506856,
506858,
506860,
506888,
506893,
506894,
506895,
506940,
506968,
506980,
506989,
507003,
507012,
507025,
507030,
507031,
507040,
507045,
507046,
507069,
507092,
507097,
507099,
507105,
507106,
507150,
507166,
507168,
507170,
507172,
507173,
507175,
507189,
507227,
507375,
507398,
507426,
507443,
507462,
507478,
507492,
507493,
507559,
507608,
507656,
507705,
507707,
507771,
507848,
507861,
507891,
507896,
507912,
507917,
507919,
507927,
507967,
507982,
507983,
507995,
508041,
508057,
508146,
508151,
508200,
508265,
508268,
508271,
508304,
508319,
508332,
508384,
508397,
508432,
508433,
508448,
508461,
508465,
508498,
508506,
508521,
508539,
508543,
508591,
508627,
508671,
508686,
508693,
508760,
508807,
508826,
508861,
508911,
508953,
508960,
508964,
508990,
509045,
509071,
509113,
509126,
509129,
509141,
509146,
509152,
509211,
509221,
509242,
509243,
509245,
509252,
509276,
509290,
509297,
509322,
509337,
509338,
509346,
509377,
509410,
509411,
509587,
509625,
509626,
509637,
509691,
509698,
509707,
509728,
509743,
509749,
509766,
509830,
509831,
509846,
509856,
509876,
509888,
509957,
510082,
510105,
510106,
510107,
510133,
510145,
510169,
510174,
510207,
510214,
510215,
510216,
510230,
510267,
510343,
510348,
510351,
510352,
510354,
510363,
510369,
510430,
510449,
510463,
510493,
510498,
510501,
510553,
510563,
510574,
510585,
510589,
510590,
510596,
510599,
510600,
510602,
510605,
510610,
510612,
510717,
510739,
510753,
510755,
510763,
510805,
510859,
510872,
510889,
510903,
510904,
511197,
511255,
511259,
511268,
511269,
511279,
511289,
511294,
511343,
511365,
511381,
511401,
511414,
511446,
511456,
511459,
511464,
511485,
511487,
511490,
511494,
511500,
511507,
511543,
511617,
511634,
511635,
511639,
511685,
511692,
511693,
511701,
511705,
511706,
511707,
511708,
511709,
511775,
511819,
511837,
511847,
511871,
511873,
511877,
511880,
511891,
511918,
511927,
511960,
512008,
512052,
512058,
512061,
512067,
512086,
512088,
512096,
512113,
512132,
512137,
512148,
512152,
512199,
512204,
512206,
512276,
512298,
512345,
512364,
512399,
512405,
512426,
512603,
512611,
512631,
512635,
512649,
512671,
512672,
512674,
512675,
512694,
512727,
512731,
512735,
512902,
512926,
512951,
512981,
513000,
513008,
513024,
513042,
513047,
513053,
513088,
513095,
513126,
513156,
513157,
513174,
513191,
513247,
513290,
513308,
513322,
513357,
513358,
513364,
513367,
513373,
513411,
513474,
513479,
513481,
513486,
513520,
513550,
513555,
513598,
513634,
513701,
513707,
513709,
513715,
513717,
513731,
513763,
513805,
513835,
513841,
513843,
513848,
513849,
513854,
513887,
513890,
513891,
513892,
513893,
513898,
513912,
513917,
513961,
513977,
513993,
514031,
514061,
514066,
514078,
514102,
514111,
514143,
514158,
514167,
514168,
514174,
514187,
514200,
514220,
514221,
514230,
514250,
514419,
514431,
514443,
514444,
514475,
514486,
514534,
514536,
514540,
514548,
514554,
514556,
514562,
514620,
514625,
514643,
514682,
514696,
514717,
514749,
514751,
514757,
514758,
514760,
514817,
514848,
514879,
514915,
514965,
514991,
515218,
515235,
515250,
515258,
515296,
515354,
515362,
515368,
515397,
515409,
515419,
515428,
515429,
515432,
515433,
515475,
515479,
515495,
515553,
515557,
515586,
515593,
515614,
515633,
515640,
515649,
515777,
515778,
515779,
515792,
515806,
515807,
515810,
515811,
515812,
515887,
515888,
515892,
515909,
515910,
515958,
515998,
516014,
516015,
516017,
516030,
516033,
516038,
516054,
516065,
516071,
516077,
516079,
516092,
516102,
516139,
516153,
516164,
516174,
516176,
516192,
516194,
516197,
516198,
516199,
516206,
516208,
516212,
516217,
516223,
516309,
516366,
516374,
516375,
516393,
516404,
516423,
516433,
516468,
516470,
516471,
516487,
516514,
516524,
516535,
516547,
516651,
516660,
516664,
516668,
516670,
516679,
516684,
516692,
516702,
516704,
516705,
516715,
516730,
516765,
516782,
516788,
516817,
516824,
516843,
516877,
516878,
516906,
516969,
516976,
516987,
516999,
517004,
517067,
517118,
517221,
517230,
517232,
517251,
517253,
517260,
517268,
517269,
517288,
517295,
517303,
517309,
517332,
517429,
517449,
517477,
517495,
517514,
517537,
517541,
517624,
517692,
517734,
517745,
517833,
517860,
517878,
517902,
517916,
517953,
518025,
518043,
518126,
518127,
518139,
518154,
518174,
518200,
518246,
518264,
518296,
518299,
518329,
518330,
518414,
518425,
518452,
518453,
518454,
518455,
518497,
518538,
518565,
518572,
518582,
518605,
518612,
518621,
518650,
518704,
518724,
518726,
518754,
518758,
518770,
518778,
518780,
518857,
518865,
518870,
518874,
518880,
518888,
518889,
518921,
518938,
518940,
519048,
519052,
519073,
519147,
519153,
519154,
519175,
519182,
519197,
519241,
519245,
519248,
519256,
519268,
519300,
519302,
519342,
519351,
519352,
519355,
519376,
519377,
519462,
519476,
519478,
519523,
519524,
519525,
519666,
519670,
519671,
519672,
519699,
519730,
519733,
519803,
519836,
519848,
519870,
519874,
519881,
519912,
519948,
519960,
519981,
520008,
520011,
520024,
520040,
520041,
520062,
520080,
520104,
520105,
520128,
520159,
520165,
520168,
520172,
520197,
520221,
520226,
520250,
520252,
520254,
520268,
520273,
520309,
520311,
520339,
520347,
520359,
520361,
520362,
520365,
520448,
520463,
520497,
520524,
520550,
520552,
520605,
520618,
520690,
520695,
520711,
520715,
520716,
520794,
520812,
520839,
520841,
520844,
520848,
520851,
520856,
520884,
520911,
520941,
521015,
521070,
521118,
521120,
521130,
521169,
521172,
521181,
521182,
521183,
521187,
521188,
521197,
521201,
521213,
521215,
521217,
521224,
521267,
521301,
521304,
521305,
521306,
521330,
521364,
521374,
521376,
521385,
521392,
521393,
521399,
521406,
521462,
521498,
521521,
521536,
521566,
521569,
521589,
521593,
521601,
521633,
521648,
521662,
521704,
521836,
521880,
521886,
521949,
521961,
522020,
522025,
522031,
522051,
522125,
522144,
522147,
522173,
522180,
522190,
522204,
522205,
522228,
522231,
522258,
522284,
522290,
522295,
522339,
522353,
522360,
522395,
522492,
522559,
522567,
522582,
522600,
522601,
522634,
522670,
522707,
522711,
522718,
522722,
522743,
522748,
522860,
522869,
522870,
522871,
522879,
522913,
522926,
522983,
523008,
523016,
523017,
523029,
523044,
523058,
523060,
523071,
523101,
523170,
523179,
523281,
523284,
523341,
523380,
523434,
523457,
523459,
523478,
523554,
523642,
523648,
523663,
523668,
523756,
523760,
523772,
523808,
523809,
523819,
523835,
524004,
524235,
524270,
524281,
524443,
524446,
524502,
524514,
524526,
524543,
524563,
524578,
524586,
524591,
524651,
524655,
524673,
524712,
524802,
524825,
524844,
524846,
524848,
524881,
524895,
524913,
524936,
524959,
525067,
525074,
525132,
525134,
525136,
525138,
525151,
525153,
525159,
525192,
525205,
525266,
525267,
525268,
525300,
525315,
525337,
525412,
525437,
525451,
525459,
525461,
525469,
525473,
525487,
525497,
525546,
525559,
525565,
525632,
525948,
526018,
526024,
526053,
526056,
526107,
526109,
526111,
526118,
526133,
526199,
526241,
526335,
526338,
526342,
526417,
526423,
526436,
526437,
526440,
526452,
526455,
526467,
526473,
526479,
526484,
526648,
526666,
526670,
526680,
526682,
526684,
526686,
526698,
526712,
526728,
526783,
526839,
526897,
526899,
526936,
526954,
526967,
526984,
526985,
526991,
527002,
527003,
527006,
527009,
527012,
527054,
527062,
527074,
527078,
527083,
527094,
527098,
527107,
527118,
527138,
527150,
527156,
527160,
527217,
527270,
527272,
527275,
527279,
527286,
527317,
527337,
527555,
527603,
527617,
527633,
527641,
527674,
527685,
527715,
527744,
527757,
527772,
527779,
527810,
527813,
527814,
527818,
527820,
527829,
527840,
527841,
527850,
527894,
527897,
527904,
527966,
527977,
528074,
528112,
528127,
528128,
528148,
528159,
528165,
528170,
528174,
528261,
528316,
528329,
528430,
528474,
528510,
528542,
528545,
528546,
528548,
528570,
528601,
528692,
528693,
528702,
528704,
528748,
528777,
528783,
528794,
528806,
528816,
528835,
528868,
528874,
528963,
528965,
528972,
528973,
528974,
528979,
528982,
528984,
528993,
529001,
529139,
529166,
529179,
529323,
529326,
529334,
529357,
529389,
529420,
529440,
529442,
529443,
529457,
529490,
529500,
529527,
529536,
529541,
529544,
529654,
529677,
529752,
529763,
529790,
529808,
529822,
529846,
529950,
530054,
530077,
530084,
530138,
530139,
530141,
530153,
530170,
530171,
530210,
530227,
530264,
530292,
530294,
530321,
530345,
530357,
530362,
530365,
530381,
530424,
530425,
530428,
530432,
530564,
530568,
530575,
530576,
530608,
530639,
530684,
530697,
530718,
530725,
530726,
530730,
530831,
530843,
530947,
530950,
530977,
531011,
531020,
531045,
531046,
531049,
531050,
531095,
531174,
531194,
531212,
531225,
531229,
531240,
531242,
531247,
531253,
531286,
531313,
531329,
531420,
531436,
531524,
531659,
531713,
531715,
531728,
531741,
531750,
531759,
531771,
531844,
531845,
531912,
531959,
531963,
531972,
531998,
532040,
532049,
532063,
532100,
532168,
532203,
532213,
532236,
532247,
532336,
532376,
532421,
532443,
532448,
532464,
532469,
532593,
532656,
532725,
532835,
532893,
532907,
532947,
532987,
532988,
532995,
533007,
533155,
533202,
533216,
533284,
533319,
533332,
533344,
533387,
533446,
533451,
533488,
533511,
533542,
533755,
533784,
533786,
533788,
533823,
533836,
533843,
533872,
533912,
534050,
534133,
534157,
534173,
534319,
534343,
534481,
534709,
534766,
534923,
534934,
534962,
534981,
535011,
535012,
535138,
535142,
535158,
535273,
535279,
535345,
535353,
535442,
535466,
535468,
535519,
535520,
535562,
535588,
535595,
535613,
535646,
535657,
535702,
535739,
535741,
535813,
535828,
535853,
535879,
535912,
535916,
535918,
535937,
535952,
535977,
535984,
536062,
536066,
536142,
536193,
536261,
536306,
536317,
536318,
536333,
536441,
536635,
536666,
536766,
536767,
536837,
536880,
537148,
537160,
537167,
537185,
537229,
537269,
537292,
537294,
537307,
537323,
537333,
537342,
537435,
537467,
537468,
537501,
537510,
537522,
537524,
537545,
537576,
537704,
537705,
537706,
537797,
537914,
537931,
537986,
538010,
538182,
538262,
538438,
538559,
538614,
538639,
538640,
538879,
539034,
539036,
539151,
539246,
539273,
539278,
539279,
539334,
539691,
539806,
539903,
539914,
539977,
539978,
539993,
540083,
540339,
540356,
540391,
540397,
540467,
540553,
540566,
540580,
540595,
540709,
540810,
540848,
540979,
540984,
541053,
541270,
541378,
541391,
541410,
541411,
541420,
541423,
541425,
541441,
541445,
541475,
541485,
541560,
541571,
541612,
541650,
541704,
541800,
541826,
541830,
541848,
541870,
541892,
541947,
542069,
542211,
542265,
542307,
542308,
542331,
542334,
542361,
542463,
542466,
542482,
542483,
542484,
542530,
542771,
542827,
542863,
542907,
542931,
542973,
543349,
543673,
543814,
543836,
544021,
544663
