1446462900523,
5090,
1448340774502,
1439549230287,
5091,
1439549232174,
3402,
1447725331625,
5092,
1439549234362,
5093,
1439549236287,
5094,
5095,
1439549244332,
5096,
1439549247289,
5097,
1439549249483,
5098,
1439549251469,
5099,
1439549253758,
5100,
1439549256162,
5101,
1439549258249,
5102,
1439549262684,
5103,
1439549264805,
5104,
1439549268359,
5105,
1439549270458,
1439549154249,
5106,
1439549275294,
5107,
1439549277228,
5108,
1439549279333,
1449,
1442,
5109,
1439549292422,
5110,
1439549295377,
5111,
1439549297624,
5112,
1439549300491,
5113,
1439549302758,
5114,
1439549304859,
5262,
1444893567104,
4517,
4518,
1553050111230,
1553050111229,
5263,
1553050111226,
1553050111227,
1553050111228,
5264,
5267,
5268,
5269,
5270,
5271,
5272,
5273,
5185,
5186,
5187,
5188,
5189,
5190,
5191,
1456192676410,
5192,
5193,
5194,
5195,
5196,
5197,
5198,
5199,
5200,
1446190330614,
1438825975269,
1462328434440,
5400,
1441536328872,
1441077290315,
1441612419273,
5201,
5202,
5203,
2258,
5204,
1444636238637,
5205,
2284,
5206,
5207,
5208,
5209,
5210,
5211,
5212,
5213,
5214,
5215,
5216,
5217,
1439888115817,
5238,
5239,
5240,
5241,
5242,
5218,
5219,
6000,
1553675039417,
1553675068034,
1553675095885,
1553050106698,
1460438156809,
1553050105429,
1460621748227,
1461750482656,
1457318408106,
1457922601311,
1445241235693,
1553050104405,
1461032610048,
1461046368863,
1444477035594,
899005,
417,
5001,
1457577186396,
5002,
5003,
5004,
5005,
5006,
500,
499,
5007,
5008,
1437458463906,
5009,
1441967902434,
5010,
5011,
3429,
1557125445030,
1557125477779,
1557125298918,
5143,
1762,
5144,
1757,
1766,
5145,
5146,
1462328214399,
5147,
5148,
5149,
5150,
5151,
5152,
5153,
1843,
5155,
5156,
5157,
5158,
1441525403505,
5159,
1553050127836,
1438927187919,
1553050127840,
1461296872915,
3270,
1438596376066,
1553050127845,
1553050127848,
1553050127842,
1451872328764,
1448850156543,
1438147838288,
1455766256124,
1462267165796,
1438596365826,
1462268601448,
1553050127847,
1553050127844,
5054,
5055,
5056,
5057,
5058,
5059,
1044,
1040,
1041,
1043,
1042,
1048,
5060,
1037,
1046,
1049,
1447229012106,
5061,
5062,
5063,
5064,
5065,
5160,
1441525269699,
5161,
5162,
5163,
5164,
5165,
5166,
5167,
1461046477846,
5168,
5169,
5170,
5171,
1553050105836,
1553050105832,
1453011488340,
1444362781221,
1456215125543,
1553050105833,
1445220848885,
1446688526231,
1447732339636,
1443584674253,
1553050112822,
1446463302959,
4186,
2003,
5172,
2017,
5173,
5174,
5175,
1441715660823,
5176,
5177,
5178,
5179,
5180,
5181,
5182,
5183,
5184,
5046,
1442460228780,
5047,
5048,
5049,
5050,
5051,
5052,
5053,
1461045861947,
5066,
1439549161179,
5067,
1456906048103,
1439549163789,
1458800039633,
5068,
1439549166258,
1140,
5069,
1439549168288,
5070,
1439549170899,
5071,
1439549173062,
5072,
1439549175579,
5073,
1439549178656,
5074,
1439549181702,
3426,
5075,
1439549184232,
1460623743046,
5076,
1439549186639,
5077,
1439549189057,
5078,
1439549191269,
1506,
1458098536645,
5115,
1439549309128,
5116,
1439549312324,
5117,
1439549314362,
5118,
1439549316495,
5119,
1439549319220,
5120,
1439549321358,
5121,
1439549324000,
5122,
1439549327253,
5123,
1439549329422,
5124,
1439549332258,
5125,
1439549334322,
5032,
5033,
5034,
5035,
5036,
5037,
5038,
5039,
5040,
5041,
5042,
5043,
5044,
5045,
5023,
5024,
5025,
5026,
5027,
5028,
5029,
5030,
5031,
5275,
5276,
5277,
5278,
5279,
5274,
5126,
1439549349167,
5127,
1439549350877,
5128,
1439549352787,
5129,
1439549356022,
5130,
1439549358217,
1647,
1438831816309,
5131,
1439549360126,
5132,
1439549362397,
5133,
1439549364254,
1442031642959,
5134,
1439549366359,
5135,
3427,
1439549369116,
1458543036624,
5136,
1439549372133,
5138,
1439549376293,
5139,
1439549378333,
5140,
1439549381117,
5141,
1439549383716,
5142,
1439549386297,
5012,
599,
5013,
608,
598,
600,
5014,
616,
615,
5015,
614,
5016,
5017,
5018,
5019,
5020,
5021,
5022,
5252,
5253,
5254,
1463560121038,
5255,
5256,
5257,
5258,
5259,
5260,
5261,
1438325102920,
5220,
1442542722690,
1462254383348,
5221,
5222,
5223,
5224,
5225,
5226,
2471,
5227,
5228,
5229,
1460623637694,
5230,
5231,
1450689554619,
1446431727510,
5232,
2515,
5233,
5234,
5235,
5236,
5237,
1443153020757,
5251,
5280,
5281,
3159,
3162,
1440770907402,
1442554282348,
1462416722801,
1553050132222,
5401,
1461124818083,
1553050105382,
1444033393880,
1553669034053,
1553668979139,
1555381345856,
1461221369375,
5243,
5244,
5245,
5247,
5248,
5249,
5079,
1439549200641,
5080,
1439549202807,
1543826506684,
5081,
1439549205871,
5082,
1439549207595,
5083,
1439549209523,
5084,
1439549211884,
5085,
1439549214500,
5086,
1439549216332,
5087,
1439549218643,
5088,
1439549220808,
5089,
1439549225278,
2389
