: [17862176826, 17713639293, 18969166700]
: [17862176826, 17713639293, 15967134679, 17645162194]
: [17862176826, 17713639293, 17645162194, 15645061168, 13288801777, 18505526339, 15906633060, 18969166700]
: [17862176826, 17713639293, 17645162194, 15645061168, 15906633060, 18969166700]
: [17862176826, 17713639293, 17645162194, 15645061168, 15906633060, 18969166700, 18357948290, 13627038146]
: [17862176826, 17713639293, 17645162194, 15645061168, 18505526339, 15906633060, 18969166700, 18357948290, 13627038146]
: [17862176826, 17713639293, 18758284682, 17645162194, 15645061168, 18505526339, 15906633060, 18969166700, 18357948290, 13627038146]
: [15968863149, 17862176826, 15967134679, 18238104347, 18767734495, 17681952374, 13970176979, 13288801777, 18358783788, 18767723827, 15669946179, 17739571087, 15079853927, 18505526339, 15906633060, 17681870152, 13627038146]
: [15968863149, 18238104347, 15170487219, 13288801777, 18358783788, 15026903429, 18767723827, 17350785506, 15669946179, 15079853927, 18370226394, 15906633060, 17681870152, 13777989615, 13627038146]
: [15968863149, 18238104347, 13288801777, 18358783788, 15026903429, 18767723827, 17350785506, 15669946179, 15079853927, 18370226394, 15906633060, 17681870152, 13777989615, 13627038146]
: [15968863149, 18238104347, 13288801777, 18358783788, 15026903429, 18767723827, 17350785506, 15669946179, 15079853927, 18370226394, 15906633060, 17681870152, 13777989615, 13627038146]
: [15968863149, 18238104347, 13288801777, 18358783788, 15026903429, 18767723827, 17350785506, 15669946179, 15079853927, 18370226394, 15906633060, 17681870152, 13777989615, 13627038146]
: [15968863149, 18238104347, 13288801777, 18358783788, 15026903429, 18767723827, 17350785506, 15669946179, 15079853927, 18370226394, 15906633060, 17681870152, 13777989615, 13627038146]
: [15968863149, 18238104347, 13288801777, 18358783788, 15026903429, 18767723827, 17350785506, 15669946179, 15079853927, 18370226394, 15906633060, 17681870152, 13777989615, 13627038146]
: [15968863149, 18238104347, 13288801777, 18358783788, 15026903429, 18767723827, 17350785506, 15669946179, 15079853927, 18370226394, 15906633060, 17681870152, 13777989615, 13627038146]
: [15968863149, 18238104347, 13288801777, 18358783788, 15026903429, 18767723827, 17350785506, 15669946179, 18370226394, 15906633060, 17681870152, 13777989615, 13627038146]
: [15968863149, 18238104347, 13288801777, 18358783788, 15026903429, 18767723827, 17350785506, 15669946179, 18370226394, 15906633060, 17681870152, 13777989615, 13627038146]
: [15968863149, 18238104347, 13288801777, 18358783788, 15026903429, 18767723827, 17350785506, 15669946179, 18370226394, 15906633060, 17681870152, 13777989615, 13627038146]
: [15968863149, 18358783788, 15026903429, 18767723827, 17350785506, 15669946179, 15906633060, 17681870152, 13777989615, 13627038146]
: [15968863149, 18168108329, 18296233549, 18365072361, 17862135398, 15669902117, 18158182267, 18238104347, 13370090807, 17671331343, 15088631651, 13628662190, 18858725295, 13615819713, 13970176979, 15505609263, 18555181430, 15990158545, 17601296545, 13288801777, 18358783788, 13936359346, 18767723827, 13588301745, 18761262608, 15170607675, 18870946029, 13525344173, 15372506089, 13269669967, 13295687123, 15088206809, 15079853927, 15946801277, 18505526339, 18370226394, 18270084626, 18013895071, 17710730703, 18892189838, 15871991973, 18357948290, 15656969391, 13575797913, 15068867252, 15167111819, 13157153215, 13627038146, 17681533176, 13738012083, 15088397745, 15557693783]
: [15968863149, 18168108329, 18296233549, 18365072361, 17862135398, 15669902117, 18158182267, 18238104347, 13370090807, 17671331343, 15088631651, 13628662190, 18858725295, 13615819713, 13970176979, 15505609263, 18555181430, 15990158545, 17601296545, 13288801777, 18358783788, 13936359346, 18767723827, 13588301745, 18761262608, 15170607675, 18870946029, 13525344173, 15372506089, 13269669967, 13295687123, 15088206809, 15079853927, 15946801277, 18505526339, 18370226394, 18270084626, 18013895071, 17710730703, 18892189838, 15871991973, 18357948290, 15656969391, 13575797913, 15068867252, 15167111819, 13157153215, 13627038146, 17681533176, 13738012083, 15088397745, 15557693783]
: [15968863149, 18168108329, 18296233549, 18365072361, 17862135398, 15669902117, 18158182267, 18238104347, 13370090807, 17671331343, 13628662190, 18858725295, 13615819713, 13970176979, 15505609263, 18555181430, 15990158545, 17601296545, 13288801777, 18358783788, 13936359346, 18767723827, 13588301745, 18761262608, 15170607675, 18870946029, 13525344173, 15372506089, 13269669967, 13295687123, 15088206809, 15079853927, 15946801277, 18505526339, 18370226394, 18270084626, 18013895071, 17710730703, 18892189838, 15871991973, 18357948290, 15656969391, 13575797913, 15068867252, 15167111819, 13157153215, 13627038146, 17681533176, 13738012083, 15088397745, 15557693783]
: [15968863149, 18168108329, 18296233549, 18365072361, 17862135398, 15669902117, 18158182267, 18238104347, 13370090807, 17671331343, 13628662190, 18858725295, 13615819713, 13970176979, 15505609263, 18555181430, 15990158545, 17601296545, 13288801777, 18358783788, 13936359346, 18767723827, 13588301745, 18761262608, 15170607675, 18870946029, 13525344173, 15372506089, 13269669967, 13295687123, 15088206809, 15079853927, 15946801277, 18505526339, 18370226394, 18270084626, 18013895071, 17710730703, 18892189838, 15871991973, 18357948290, 15656969391, 13575797913, 15068867252, 15167111819, 13157153215, 13627038146, 17681533176, 13738012083, 15088397745, 15557693783]
: [15968863149, 18168108329, 18296233549, 18365072361, 17862135398, 15669902117, 18158182267, 18238104347, 13370090807, 17671331343, 13628662190, 18858725295, 13615819713, 13970176979, 15505609263, 18555181430, 15990158545, 17601296545, 13288801777, 18358783788, 13936359346, 18767723827, 13588301745, 18761262608, 15170607675, 18870946029, 13525344173, 15372506089, 13269669967, 13295687123, 15088206809, 15079853927, 15946801277, 18505526339, 18370226394, 18270084626, 18013895071, 17710730703, 18892189838, 15871991973, 18357948290, 15656969391, 13575797913, 15068867252, 15167111819, 13157153215, 13627038146, 17681533176, 13738012083, 15088397745, 15557693783]
: [15968863149, 18168108329, 18296233549, 18365072361, 17862135398, 15669902117, 18158182267, 18238104347, 13370090807, 17671331343, 13628662190, 18858725295, 13615819713, 13970176979, 15505609263, 18555181430, 15990158545, 17601296545, 13288801777, 18358783788, 13936359346, 18767723827, 13588301745, 18761262608, 15170607675, 18870946029, 13525344173, 15372506089, 13269669967, 13295687123, 15088206809, 15079853927, 15946801277, 18505526339, 18370226394, 18270084626, 18013895071, 17710730703, 18892189838, 15871991973, 18357948290, 15656969391, 13575797913, 15068867252, 15167111819, 13157153215, 13627038146, 17681533176, 13738012083, 15088397745, 15557693783]
: [15968863149, 18168108329, 18296233549, 18365072361, 17862135398, 15669902117, 18158182267, 18238104347, 13370090807, 17671331343, 13628662190, 18858725295, 13615819713, 13970176979, 15505609263, 18555181430, 15990158545, 17601296545, 13288801777, 18358783788, 13936359346, 18767723827, 13588301745, 18761262608, 15170607675, 18870946029, 13525344173, 15372506089, 13269669967, 13295687123, 15088206809, 15079853927, 15946801277, 18505526339, 18370226394, 18270084626, 18013895071, 17710730703, 18892189838, 15871991973, 18357948290, 15656969391, 13575797913, 15068867252, 15167111819, 13157153215, 13627038146, 17681533176, 13738012083, 15088397745, 15557693783]
: [15968863149, 18168108329, 18296233549, 18365072361, 17862135398, 15669902117, 18158182267, 18238104347, 13370090807, 17671331343, 13628662190, 18858725295, 13615819713, 13970176979, 15505609263, 18555181430, 15990158545, 17601296545, 13288801777, 18358783788, 13936359346, 18767723827, 13588301745, 18761262608, 15170607675, 18870946029, 13525344173, 15372506089, 13269669967, 13295687123, 15088206809, 15079853927, 15946801277, 18505526339, 18370226394, 18270084626, 18013895071, 17710730703, 18892189838, 15871991973, 18357948290, 15656969391, 13575797913, 15068867252, 15167111819, 13157153215, 13627038146, 17681533176, 13738012083, 15088397745, 15557693783]
: [15968863149, 18168108329, 18296233549, 18365072361, 17862135398, 15669902117, 18158182267, 18238104347, 13370090807, 17671331343, 13628662190, 18858725295, 13615819713, 13970176979, 15505609263, 18555181430, 15990158545, 17601296545, 13288801777, 18358783788, 13936359346, 18767723827, 13588301745, 18761262608, 15170607675, 18870946029, 13525344173, 15372506089, 13269669967, 13295687123, 15088206809, 15079853927, 15946801277, 18505526339, 18370226394, 18270084626, 18013895071, 17710730703, 18892189838, 15871991973, 15656969391, 13575797913, 15068867252, 15167111819, 13157153215, 13627038146, 17681533176, 13738012083, 15088397745, 15557693783]
: [15968863149, 18296233549, 18365072361, 17862135398, 15669902117, 18158182267, 18238104347, 17671331343, 13628662190, 18858725295, 13615819713, 13970176979, 15505609263, 18555181430, 15990158545, 17601296545, 13288801777, 18358783788, 13936359346, 18767723827, 18761262608, 15170607675, 18870946029, 13525344173, 15372506089, 13269669967, 13295687123, 15088206809, 15079853927, 15946801277, 18505526339, 18370226394, 18270084626, 18013895071, 17710730703, 15656969391, 13575797913, 15068867252, 17681533176, 13738012083, 15088397745, 15557693783]
: [15968863149, 18296233549, 17862135398, 15669902117, 18238104347, 17671331343, 13628662190, 13615819713, 13970176979, 15505609263, 18555181430, 13288801777, 18358783788, 13936359346, 18767723827, 15170607675, 18870946029, 13525344173, 15372506089, 13269669967, 13295687123, 15088206809, 15079853927, 15946801277, 18505526339, 18370226394, 18270084626, 18013895071, 17710730703, 15656969391, 13575797913, 15068867252, 17681533176, 13738012083, 15088397745, 15557693783]
: [15968863149, 18296233549, 17862135398, 15669902117, 15317189673, 17671331343, 13628662190, 13615819713, 13970176979, 15505609263, 18555181430, 18358783788, 13936359346, 18767723827, 13525344173, 15372506089, 13295687123, 15088206809, 18505526339, 18370226394, 18270084626, 17710730703, 15656969391, 13575797913, 17681533176, 15557693783]
: [15968863149, 18296233549, 17862135398, 15669902117, 15317189673, 17671331343, 13628662190, 13615819713, 13970176979, 15505609263, 18555181430, 18358783788, 13936359346, 18767723827, 15372506089, 13295687123, 15088206809, 18505526339, 15656969391, 17681533176, 15557693783]
: [18296233549, 17862135398, 15669902117, 18238104347, 17671331343, 13628662190, 13615819713, 13970176979, 18555181430, 18358783788, 13936359346, 18767723827, 15372506089, 13295687123, 15088206809, 18505526339, 17710730703, 15656969391, 17681533176, 15557693783]
: [18296233549, 17862135398, 15669902117, 18238104347, 17671331343, 13628662190, 13615819713, 13970176979, 18555181430, 18358783788, 13936359346, 18767723827, 15372506089, 13295687123, 15088206809, 18505526339, 17710730703, 15656969391, 13627038146, 17681533176, 15557693783]
: [18296233549, 18365072361, 17862135398, 15669902117, 18238104347, 17671331343, 15180551290, 13628662190, 13615819713, 13970176979, 18555181430, 17601296545, 18358783788, 13936359346, 18758133410, 18767723827, 15170607675, 15372506089, 13269669967, 13295687123, 15088206809, 15079853927, 15946801277, 18658595285, 18505526339, 17710730703, 15656969391, 13627038146, 17681533176, 13738012083, 15779177816, 15557693783]
: [18296233549, 18365072361, 17713639293, 17862135398, 15669902117, 18238104347, 15797671348, 17671331343, 18767734495, 15180551290, 13628662190, 13615819713, 13970176979, 18555181430, 17601296545, 13288801777, 18358783788, 13936359346, 18758133410, 18767723827, 15170607675, 13525344173, 15372506089, 13269669967, 13825675434, 13295687123, 15088206809, 15079853927, 15946801277, 18658595285, 18505526339, 18370226394, 18270084626, 15656969391, 13627038146, 17681533176, 13738012083, 15088397745, 15779177816, 15557693783]
: [15968863149, 17862176826, 18296233549, 18365072361, 17713639293, 17862135398, 15669902117, 18238104347, 18679440207, 15797671348, 17671331343, 18767734495, 15180551290, 13628662190, 13615819713, 13970176979, 18555181430, 17601296545, 13288801777, 18358783788, 13936359346, 18758133410, 18767723827, 15170607675, 13525344173, 15372506089, 13269669967, 13825675434, 13295687123, 15088206809, 15079853927, 15946801277, 18658595285, 18505526339, 18370226394, 18270084626, 15656969391, 13627038146, 17681533176, 13738012083, 15088397745, 15779177816, 15557693783]
: [15968863149, 17862176826, 18296233549, 18365072361, 17713639293, 17862135398, 15669902117, 18238104347, 18679440207, 15797671348, 17671331343, 18767734495, 15180551290, 13628662190, 13615819713, 13970176979, 18555181430, 17601296545, 13288801777, 18358783788, 13936359346, 18758133410, 18767723827, 15170607675, 13525344173, 15372506089, 13269669967, 13825675434, 13295687123, 15088206809, 15079853927, 15946801277, 18658595285, 18505526339, 18370226394, 18270084626, 15656969391, 13627038146, 17681533176, 13738012083, 15088397745, 17557281605, 15779177816, 15557693783]
: [15968863149, 17862176826, 18296233549, 18365072361, 17713639293, 17862135398, 15669902117, 18238104347, 18679440207, 15797671348, 17671331343, 18767734495, 15180551290, 13628662190, 13615819713, 13970176979, 18555181430, 17601296545, 13288801777, 18358783788, 13936359346, 18758133410, 18767723827, 15170607675, 13525344173, 15372506089, 13269669967, 13825675434, 13295687123, 15088206809, 15079853927, 15946801277, 18658595285, 18505526339, 18370226394, 18270084626, 15656969391, 13627038146, 17681533176, 13738012083, 15088397745, 17557281605, 15779177816, 15557693783]
: [15968863149, 17862176826, 18296233549, 18365072361, 17713639293, 17862135398, 15669902117, 18238104347, 18679440207, 15797671348, 17671331343, 18767734495, 15180551290, 13628662190, 13615819713, 13970176979, 18555181430, 17601296545, 13288801777, 18358783788, 13936359346, 18758133410, 18767723827, 15170607675, 13525344173, 15372506089, 13269669967, 13825675434, 13295687123, 15088206809, 15079853927, 15946801277, 18658595285, 18505526339, 18370226394, 18270084626, 15656969391, 13627038146, 17681533176, 13738012083, 15088397745, 17557281605, 15779177816, 15557693783]
: [15968863149, 17862176826, 18296233549, 18365072361, 17713639293, 17862135398, 15669902117, 18238104347, 18679440207, 15797671348, 17671331343, 18767734495, 15180551290, 13628662190, 13615819713, 13970176979, 18555181430, 17601296545, 13288801777, 18358783788, 13936359346, 18758133410, 18767723827, 15170607675, 13525344173, 15372506089, 13269669967, 13825675434, 13295687123, 15088206809, 15079853927, 15946801277, 18658595285, 18505526339, 18370226394, 18270084626, 15656969391, 13627038146, 17681533176, 13738012083, 15088397745, 17557281605, 15779177816, 15557693783]
: [15968863149, 17862176826, 18296233549, 18365072361, 17713639293, 17862135398, 15669902117, 18238104347, 18679440207, 15797671348, 17671331343, 18767734495, 15180551290, 13628662190, 13615819713, 13970176979, 18555181430, 17601296545, 13288801777, 18358783788, 13936359346, 18758133410, 18767723827, 15170607675, 13525344173, 15372506089, 13269669967, 13825675434, 13295687123, 15088206809, 15079853927, 15946801277, 18658595285, 18505526339, 18370226394, 18270084626, 15656969391, 13627038146, 17681533176, 13738012083, 15088397745, 17557281605, 15779177816, 15557693783]
: [15968863149, 17862176826, 18296233549, 18365072361, 17713639293, 17862135398, 15669902117, 18238104347, 18679440207, 15797671348, 17671331343, 18767734495, 15180551290, 13628662190, 13615819713, 13970176979, 18555181430, 17601296545, 13288801777, 18358783788, 13936359346, 18758133410, 18767723827, 15170607675, 13525344173, 15372506089, 13269669967, 13825675434, 13295687123, 15088206809, 15079853927, 15946801277, 18658595285, 18505526339, 18370226394, 18270084626, 15656969391, 13627038146, 17681533176, 13738012083, 15088397745, 17557281605, 15779177816, 15557693783]
: [15968863149, 17862176826, 18296233549, 18365072361, 17713639293, 17862135398, 15669902117, 18238104347, 18679440207, 15797671348, 17671331343, 18767734495, 15180551290, 13628662190, 13615819713, 13970176979, 18555181430, 17601296545, 13288801777, 18358783788, 13936359346, 18758133410, 18767723827, 15170607675, 13525344173, 15372506089, 13269669967, 13825675434, 13295687123, 15088206809, 15079853927, 15946801277, 18658595285, 18505526339, 18370226394, 18270084626, 15656969391, 13627038146, 17681533176, 13738012083, 15088397745, 17557281605, 15779177816, 15557693783]
: [15968863149, 17862176826, 18296233549, 18365072361, 17713639293, 17862135398, 15669902117, 18238104347, 18679440207, 15797671348, 17671331343, 18767734495, 15180551290, 13628662190, 13615819713, 13970176979, 18555181430, 17601296545, 13288801777, 18358783788, 13936359346, 18758133410, 18767723827, 15170607675, 13525344173, 15372506089, 13269669967, 13825675434, 13295687123, 15088206809, 15079853927, 15946801277, 18658595285, 18505526339, 18370226394, 18270084626, 15656969391, 13627038146, 17681533176, 13738012083, 15088397745, 17557281605, 15779177816, 15557693783]
: [15968863149, 17862176826, 18296233549, 18365072361, 17713639293, 17862135398, 15669902117, 18238104347, 18679440207, 15797671348, 17671331343, 18767734495, 15180551290, 13628662190, 13615819713, 13970176979, 18555181430, 17601296545, 13288801777, 18358783788, 13936359346, 18758133410, 18767723827, 15170607675, 13525344173, 15372506089, 13269669967, 13825675434, 13295687123, 15088206809, 15079853927, 15946801277, 18658595285, 18505526339, 18370226394, 18270084626, 15656969391, 13627038146, 17681533176, 13738012083, 15088397745, 17557281605, 15779177816, 15557693783]
: [15968863149, 17862176826, 18296233549, 18365072361, 17713639293, 17862135398, 15669902117, 18238104347, 18679440207, 15797671348, 17671331343, 18767734495, 15180551290, 13628662190, 13615819713, 13970176979, 18555181430, 17601296545, 13288801777, 18358783788, 13936359346, 18758133410, 18767723827, 15170607675, 13525344173, 15372506089, 13269669967, 13825675434, 13295687123, 15088206809, 15079853927, 15946801277, 18658595285, 18505526339, 18370226394, 18270084626, 15656969391, 13627038146, 17681533176, 13738012083, 15088397745, 17557281605, 15779177816, 15557693783]
: [15968863149, 17862176826, 18296233549, 18365072361, 17713639293, 17862135398, 15669902117, 18238104347, 18679440207, 15797671348, 17671331343, 18767734495, 15180551290, 13628662190, 13615819713, 13970176979, 18555181430, 17601296545, 13288801777, 18358783788, 13936359346, 18758133410, 18767723827, 15170607675, 13525344173, 15372506089, 13269669967, 13825675434, 13295687123, 15088206809, 15079853927, 15946801277, 18658595285, 18505526339, 18370226394, 18270084626, 15656969391, 13627038146, 17681533176, 13738012083, 15088397745, 17557281605, 15779177816, 15557693783]
: [15968863149, 17862176826, 18296233549, 18365072361, 17713639293, 17862135398, 15669902117, 18238104347, 18679440207, 15797671348, 17671331343, 18767734495, 15180551290, 13628662190, 13615819713, 13970176979, 18555181430, 17601296545, 13288801777, 18358783788, 13936359346, 18758133410, 18767723827, 15170607675, 13525344173, 15372506089, 13269669967, 13825675434, 13295687123, 15088206809, 15079853927, 15946801277, 18658595285, 18505526339, 18370226394, 18270084626, 15656969391, 13627038146, 17681533176, 13738012083, 15088397745, 17557281605, 15779177816, 15557693783]
: [15968863149, 17862176826, 18296233549, 18365072361, 17713639293, 17862135398, 15669902117, 18238104347, 18679440207, 15797671348, 17671331343, 18767734495, 15180551290, 13628662190, 13615819713, 13970176979, 18555181430, 17601296545, 13288801777, 18358783788, 13936359346, 18758133410, 18767723827, 15170607675, 13525344173, 15372506089, 13269669967, 13825675434, 13295687123, 15088206809, 15079853927, 15946801277, 18658595285, 18505526339, 18370226394, 18270084626, 15656969391, 13627038146, 17681533176, 13738012083, 15088397745, 17557281605, 15779177816, 15557693783]
: [15968863149, 17862176826, 18296233549, 18365072361, 17713639293, 17862135398, 15669902117, 18238104347, 18679440207, 15797671348, 17671331343, 18767734495, 15180551290, 13628662190, 13615819713, 13970176979, 18555181430, 17601296545, 13288801777, 18358783788, 13936359346, 18758133410, 18767723827, 15170607675, 13525344173, 15372506089, 13269669967, 13825675434, 13295687123, 15088206809, 15079853927, 15946801277, 18658595285, 18505526339, 18370226394, 18270084626, 15656969391, 13627038146, 17681533176, 13738012083, 15088397745, 17557281605, 15779177816, 15557693783]
: [15968863149, 17862176826, 18296233549, 18365072361, 17713639293, 17862135398, 15669902117, 18238104347, 18679440207, 15797671348, 17671331343, 18767734495, 15180551290, 13628662190, 13615819713, 13970176979, 18555181430, 17601296545, 13288801777, 18358783788, 13936359346, 18758133410, 18767723827, 15170607675, 13525344173, 15372506089, 13269669967, 13825675434, 13295687123, 15088206809, 15079853927, 15946801277, 18658595285, 18505526339, 18370226394, 18270084626, 15656969391, 13627038146, 17681533176, 13738012083, 15088397745, 17557281605, 15779177816, 15557693783]
: [15968863149, 17862176826, 18296233549, 18365072361, 17713639293, 17862135398, 15669902117, 18238104347, 18679440207, 15797671348, 17671331343, 18767734495, 15180551290, 13628662190, 13615819713, 13970176979, 18555181430, 17601296545, 13288801777, 18358783788, 13936359346, 18758133410, 18767723827, 15170607675, 13525344173, 15372506089, 13982629787, 13269669967, 13825675434, 13295687123, 15088206809, 15079853927, 15946801277, 18658595285, 18505526339, 18370226394, 18270084626, 15656969391, 13627038146, 17681533176, 13738012083, 15088397745, 17557281605, 15779177816, 15557693783]
: [15968863149, 17862176826, 18296233549, 18365072361, 17713639293, 17862135398, 15669902117, 18238104347, 18679440207, 15797671348, 17671331343, 18767734495, 15180551290, 13628662190, 13615819713, 13970176979, 18555181430, 17601296545, 13288801777, 18358783788, 13936359346, 18758133410, 18767723827, 15170607675, 13525344173, 15372506089, 13982629787, 13269669967, 13825675434, 13295687123, 15088206809, 15079853927, 15946801277, 18658595285, 18505526339, 18370226394, 18270084626, 15656969391, 13627038146, 17681533176, 13738012083, 15088397745, 17557281605, 15779177816, 15557693783]
: [15968863149, 17862176826, 18296233549, 18365072361, 17713639293, 17862135398, 15669902117, 18238104347, 18679440207, 15797671348, 17671331343, 18767734495, 15180551290, 13628662190, 13615819713, 13970176979, 18555181430, 17601296545, 13288801777, 18358783788, 13936359346, 18758133410, 18767723827, 15170607675, 13525344173, 15372506089, 13982629787, 13269669967, 13825675434, 13295687123, 15088206809, 15079853927, 15946801277, 18658595285, 18505526339, 18370226394, 18270084626, 15656969391, 13627038146, 17681533176, 13738012083, 15088397745, 17557281605, 15779177816, 15557693783]
: [15968863149, 17862176826, 18296233549, 18365072361, 17713639293, 17862135398, 15669902117, 18238104347, 18679440207, 15797671348, 17671331343, 18767734495, 15180551290, 13628662190, 13615819713, 13970176979, 18555181430, 17601296545, 13288801777, 18358783788, 13936359346, 18758133410, 18767723827, 15170607675, 13525344173, 15372506089, 13982629787, 13269669967, 13825675434, 13295687123, 15088206809, 15079853927, 15946801277, 18658595285, 18505526339, 18370226394, 18270084626, 15656969391, 13627038146, 17681533176, 13738012083, 15088397745, 17557281605, 15779177816, 15557693783]
: [15968863149, 17862176826, 18296233549, 18365072361, 17713639293, 17862135398, 15669902117, 18238104347, 18679440207, 15797671348, 17671331343, 18767734495, 15180551290, 13628662190, 13615819713, 13970176979, 18555181430, 17601296545, 13288801777, 18358783788, 13936359346, 18758133410, 18767723827, 15170607675, 13525344173, 15372506089, 13982629787, 13269669967, 13825675434, 13295687123, 15088206809, 15079853927, 15946801277, 18658595285, 18505526339, 18370226394, 18270084626, 15656969391, 13627038146, 17681533176, 13738012083, 15088397745, 17557281605, 15779177816, 15557693783]
: [15968863149, 17862176826, 18296233549, 18365072361, 17713639293, 17862135398, 15669902117, 18238104347, 18679440207, 15797671348, 17671331343, 18767734495, 15180551290, 13628662190, 13615819713, 13970176979, 18555181430, 17601296545, 13288801777, 18358783788, 13936359346, 18758133410, 18767723827, 15170607675, 13525344173, 15372506089, 13982629787, 13269669967, 13825675434, 13295687123, 15088206809, 15079853927, 15946801277, 18658595285, 18505526339, 18370226394, 18270084626, 15656969391, 13627038146, 17681533176, 13738012083, 15088397745, 17557281605, 15779177816, 15557693783]
: [15968863149, 17862176826, 18296233549, 18365072361, 17713639293, 17862135398, 15669902117, 18238104347, 18679440207, 15797671348, 17671331343, 18767734495, 15180551290, 13628662190, 13615819713, 13970176979, 18555181430, 17601296545, 13288801777, 18358783788, 13936359346, 18758133410, 18767723827, 15170607675, 13525344173, 15372506089, 13982629787, 13269669967, 13825675434, 13295687123, 15088206809, 15079853927, 15946801277, 18658595285, 18505526339, 18370226394, 18270084626, 15656969391, 13627038146, 17681533176, 13738012083, 15088397745, 17557281605, 15779177816, 15557693783]
: [15968863149, 17862176826, 18296233549, 18365072361, 17713639293, 17862135398, 15669902117, 18238104347, 18679440207, 15797671348, 17671331343, 18767734495, 15180551290, 13628662190, 13615819713, 13970176979, 18555181430, 17601296545, 13288801777, 18358783788, 13936359346, 18758133410, 18767723827, 15170607675, 13525344173, 15372506089, 13982629787, 13269669967, 13825675434, 13295687123, 15088206809, 15079853927, 15946801277, 18658595285, 18505526339, 18370226394, 18270084626, 15656969391, 13627038146, 17681533176, 13738012083, 15088397745, 17557281605, 15779177816, 15557693783]
: [15968863149, 17862176826, 18296233549, 18365072361, 17713639293, 17862135398, 15669902117, 18238104347, 18679440207, 15797671348, 17671331343, 18767734495, 15180551290, 13628662190, 13615819713, 13970176979, 18555181430, 17601296545, 13288801777, 18358783788, 13936359346, 18758133410, 18767723827, 15170607675, 13525344173, 15372506089, 13982629787, 13269669967, 13825675434, 13295687123, 15088206809, 15079853927, 15946801277, 18658595285, 18505526339, 18370226394, 18270084626, 15656969391, 13627038146, 17681533176, 13738012083, 15088397745, 17557281605, 15779177816, 15557693783]
: [15968863149, 17862176826, 18296233549, 18365072361, 17713639293, 17862135398, 15669902117, 18238104347, 18679440207, 15797671348, 17671331343, 18767734495, 15180551290, 13628662190, 13615819713, 13970176979, 18555181430, 17601296545, 13288801777, 18358783788, 13936359346, 18758133410, 18767723827, 15170607675, 13525344173, 15372506089, 13982629787, 13269669967, 13825675434, 13295687123, 15088206809, 15079853927, 15946801277, 18658595285, 18505526339, 18370226394, 18270084626, 15656969391, 13627038146, 17681533176, 13738012083, 15088397745, 17557281605, 15779177816, 15557693783]
: [15968863149, 17862176826, 18296233549, 18365072361, 17713639293, 17862135398, 15669902117, 18238104347, 18679440207, 15797671348, 17671331343, 18767734495, 15180551290, 13628662190, 13615819713, 13970176979, 18555181430, 17601296545, 13288801777, 18358783788, 13936359346, 18758133410, 18767723827, 15170607675, 13525344173, 15372506089, 13982629787, 13269669967, 13825675434, 13295687123, 15088206809, 15079853927, 15946801277, 18658595285, 18505526339, 18370226394, 18270084626, 15656969391, 13627038146, 17681533176, 13738012083, 15088397745, 17557281605, 15779177816, 15557693783]
: [15968863149, 17862176826, 18296233549, 18365072361, 17713639293, 17862135398, 15669902117, 18238104347, 18679440207, 15797671348, 17671331343, 18767734495, 15180551290, 13628662190, 13615819713, 13970176979, 18555181430, 17601296545, 13288801777, 18358783788, 13936359346, 18758133410, 18767723827, 15170607675, 13525344173, 15372506089, 13982629787, 13269669967, 13825675434, 13295687123, 15088206809, 15079853927, 15946801277, 18658595285, 18505526339, 18370226394, 18270084626, 15656969391, 13627038146, 17681533176, 13738012083, 15088397745, 17557281605, 15779177816, 15557693783]
: [15968863149, 17862176826, 18296233549, 18365072361, 17713639293, 17862135398, 15669902117, 18238104347, 18679440207, 15797671348, 17671331343, 18767734495, 15180551290, 13628662190, 13615819713, 13970176979, 18555181430, 17601296545, 13288801777, 18358783788, 13936359346, 18758133410, 18767723827, 15170607675, 13525344173, 15372506089, 13982629787, 13269669967, 13825675434, 13295687123, 15088206809, 15079853927, 15946801277, 18658595285, 18505526339, 18370226394, 18270084626, 15656969391, 13627038146, 17681533176, 13738012083, 15088397745, 17557281605, 15779177816, 15557693783]
: [15968863149, 17862176826, 18296233549, 18365072361, 17713639293, 17862135398, 15669902117, 18238104347, 18679440207, 15797671348, 17671331343, 18767734495, 15180551290, 13628662190, 13615819713, 13970176979, 18555181430, 17601296545, 13288801777, 18358783788, 13936359346, 18758133410, 18767723827, 15170607675, 13525344173, 15372506089, 13982629787, 13269669967, 13825675434, 13295687123, 15088206809, 15079853927, 15946801277, 18658595285, 18505526339, 18370226394, 18270084626, 15656969391, 13627038146, 17681533176, 13738012083, 15088397745, 17557281605, 15779177816, 15557693783]
: [15968863149, 17862176826, 18296233549, 18365072361, 17713639293, 17862135398, 15669902117, 18238104347, 18679440207, 15797671348, 17671331343, 18767734495, 15180551290, 13628662190, 13615819713, 13970176979, 18555181430, 17601296545, 13288801777, 18358783788, 13936359346, 18758133410, 18767723827, 15170607675, 13525344173, 15372506089, 13982629787, 13269669967, 13825675434, 13295687123, 15088206809, 15079853927, 15946801277, 18658595285, 18505526339, 18370226394, 18270084626, 15656969391, 13627038146, 17681533176, 13738012083, 15088397745, 17557281605, 15779177816, 15557693783]
: [15968863149, 17862176826, 18296233549, 18365072361, 17713639293, 17862135398, 15669902117, 18238104347, 18679440207, 15797671348, 17671331343, 18767734495, 15180551290, 13628662190, 13615819713, 13970176979, 18555181430, 17601296545, 13288801777, 18358783788, 13936359346, 18758133410, 18767723827, 15170607675, 13525344173, 15372506089, 13982629787, 13269669967, 13825675434, 13295687123, 15088206809, 15079853927, 15946801277, 18658595285, 18505526339, 18370226394, 18270084626, 15656969391, 13627038146, 17681533176, 13738012083, 15088397745, 17557281605, 15779177816, 15557693783]
: [15968863149, 17862176826, 18296233549, 18365072361, 17713639293, 17862135398, 15669902117, 18238104347, 18679440207, 15797671348, 17671331343, 18767734495, 15180551290, 13628662190, 13615819713, 13970176979, 18555181430, 17601296545, 13288801777, 18358783788, 13936359346, 18758133410, 18767723827, 15170607675, 13525344173, 15372506089, 13982629787, 13269669967, 13825675434, 13295687123, 15088206809, 15079853927, 15946801277, 18658595285, 18505526339, 18370226394, 18270084626, 15656969391, 13627038146, 17681533176, 13738012083, 15088397745, 17557281605, 15779177816, 15557693783]
: [15968863149, 17862176826, 18296233549, 18365072361, 17713639293, 17862135398, 15669902117, 18238104347, 18679440207, 15797671348, 17671331343, 18767734495, 15180551290, 13628662190, 13615819713, 13970176979, 18555181430, 17601296545, 13288801777, 18358783788, 13936359346, 18758133410, 18767723827, 15170607675, 13525344173, 15372506089, 13982629787, 13269669967, 13825675434, 13295687123, 15088206809, 15079853927, 15946801277, 18658595285, 18505526339, 18370226394, 18270084626, 15656969391, 13627038146, 17681533176, 13738012083, 15088397745, 17557281605, 15779177816, 15557693783]
: [15968863149, 17862176826, 18296233549, 18365072361, 17713639293, 17862135398, 15669902117, 18238104347, 18679440207, 17671331343, 18767734495, 15180551290, 13628662190, 13615819713, 13970176979, 18555181430, 17601296545, 13288801777, 18358783788, 13936359346, 18758133410, 18767723827, 15170607675, 13525344173, 15372506089, 13982629787, 13269669967, 13825675434, 13295687123, 15088206809, 15079853927, 15946801277, 18658595285, 18505526339, 18370226394, 18270084626, 15656969391, 13627038146, 17681533176, 13738012083, 15088397745, 17557281605, 15779177816, 15557693783]
: [15968863149, 17862176826, 18296233549, 18365072361, 17713639293, 17862135398, 15669902117, 18238104347, 18679440207, 17671331343, 18767734495, 15180551290, 13628662190, 13615819713, 13970176979, 18555181430, 17601296545, 13288801777, 18358783788, 13936359346, 18758133410, 18767723827, 15170607675, 13525344173, 15372506089, 13982629787, 13269669967, 13825675434, 13295687123, 15088206809, 15079853927, 15946801277, 18658595285, 18505526339, 18370226394, 18270084626, 15656969391, 13627038146, 17681533176, 13738012083, 15088397745, 17557281605, 15779177816, 15557693783]
: [15968863149, 17862176826, 18296233549, 18365072361, 17713639293, 17862135398, 15669902117, 18238104347, 18679440207, 17671331343, 15180551290, 13628662190, 13970176979, 18555181430, 17601296545, 13288801777, 18358783788, 18758133410, 15170607675, 13525344173, 13982629787, 13269669967, 13825675434, 15088206809, 15079853927, 15946801277, 18658595285, 18505526339, 18370226394, 15656969391, 13627038146, 17681533176, 13738012083, 17557281605, 15779177816]
: [17713639293, 17671331343, 18758133410, 13525344173, 13269669967, 15088206809]
: [13525344173, 15088206809]
: [15088206809, 18505526339]
: [15088206809, 18505526339]
: [15088206809, 18505526339, 18270084626, 13627038146, 15557693783]
: [18106890323, 13525344173, 15088206809, 15079853927, 18505526339, 18270084626, 17710730703, 13967619942, 15557693783]
: [18358783788, 18106890323, 13525344173, 15088206809, 15079853927, 18505526339, 18270084626, 17710730703, 13967619942, 15557693783]
: [15843144808, 13282937862, 13288801777, 18106890323, 13525344173, 15372506089, 15088206809, 15079853927, 18505526339, 18270084626, 17710730703, 13967619942, 15867114959, 15088397745, 15557693783]
: [15843144808, 13282937862, 13288801777, 13588301745, 18106890323, 13525344173, 15372506089, 15088206809, 15079853927, 18370226394, 18270084626, 17710730703, 13627038146, 13967619942, 15867114959, 15088397745, 15557693783]
: [15843144808, 13282937862, 13288801777, 13588301745, 18106890323, 13525344173, 15372506089, 15088206809, 15079853927, 18370226394, 18270084626, 17710730703, 13627038146, 13967619942, 15867114959, 15088397745, 15557693783]
: [15843144808, 13282937862, 13288801777, 13588301745, 18106890323, 13525344173, 15372506089, 15088206809, 15079853927, 18370226394, 18270084626, 17710730703, 13627038146, 13967619942, 15867114959, 15088397745, 15557693783]
: [15843144808, 13282937862, 13288801777, 13588301745, 18106890323, 13525344173, 15372506089, 15088206809, 15079853927, 18370226394, 18270084626, 17710730703, 13627038146, 13967619942, 15867114959, 15088397745, 15557693783]
: [15843144808, 13282937862, 13288801777, 13588301745, 18106890323, 13525344173, 15372506089, 15088206809, 15079853927, 18370226394, 18270084626, 17710730703, 13627038146, 13967619942, 15867114959, 15088397745, 15557693783]
: [15843144808, 13282937862, 13288801777, 13588301745, 18106890323, 13525344173, 15372506089, 15088206809, 15079853927, 18370226394, 18270084626, 17710730703, 13627038146, 13967619942, 15867114959, 15088397745, 15557693783]
: [15843144808, 13282937862, 13288801777, 13588301745, 18106890323, 13525344173, 15372506089, 15088206809, 15079853927, 18370226394, 18270084626, 17710730703, 13627038146, 13967619942, 15867114959, 15088397745, 15557693783]
: [15843144808, 13282937862, 13288801777, 13588301745, 18106890323, 13525344173, 15372506089, 15088206809, 15079853927, 18370226394, 18270084626, 17710730703, 13627038146, 13967619942, 15867114959, 15088397745, 15557693783]
: [15843144808, 13282937862, 13288801777, 13588301745, 18106890323, 13525344173, 15372506089, 15088206809, 15079853927, 18370226394, 18270084626, 17710730703, 13627038146, 13967619942, 15867114959, 15088397745, 15557693783]
: [15843144808, 13282937862, 13288801777, 13588301745, 18106890323, 13525344173, 15372506089, 15088206809, 15079853927, 18370226394, 18270084626, 17710730703, 13627038146, 13967619942, 15867114959, 15088397745, 15557693783]
: [15843144808, 13282937862, 13288801777, 13588301745, 13525344173, 15372506089, 15088206809, 18270084626, 17710730703, 13627038146, 13967619942, 15867114959, 15088397745, 15557693783]
: [13282937862, 18270084626]
: [15079853927]
: [15079853927]
: [17862176826, 13628662190]
: [13628662190]
: [17713639293, 13628662190]
: [17713639293, 15981159333, 17512531173]
: [17713639293, 15981159333, 17512531173, 13970176979]
: [17713639293, 15981159333, 17512531173, 13970176979]
: [17713639293, 15981159333, 17512531173, 13970176979]
: [17713639293, 15843144808, 15170487219, 17512531173, 15779240335, 13295687123, 15906633060, 13627038146]
: [17713639293, 15843144808, 13282937862, 15981159333, 15170487219, 17512531173, 13288801777, 15779240335, 15079853927, 15906633060, 13627038146, 13767460344]
: [17713639293, 15843144808, 13282937862, 15981159333, 15170487219, 18257145642, 18761169186, 17512531173, 13970176979, 13288801777, 15779240335, 15079853927, 18370226394, 15906633060, 15669309223, 13627038146, 13767460344, 15255545637, 18225517507]
: [17713639293, 15843144808, 13282937862, 15981159333, 15170487219, 18257145642, 18761169186, 17512531173, 13970176979, 13288801777, 15779240335, 15079853927, 18370226394, 15906633060, 15669309223, 13627038146, 13767460344, 15255545637, 18225517507]
: [17713639293, 15843144808, 13282937862, 15981159333, 18257145642, 18761169186, 17512531173, 13970176979, 13288801777, 15779240335, 15079853927, 18370226394, 15906633060, 15669309223, 13627038146, 13767460344, 15255545637, 18225517507]
: [17713639293, 15843144808, 13282937862, 15981159333, 18257145642, 18761169186, 17512531173, 13970176979, 13288801777, 15779240335, 15079853927, 18370226394, 15906633060, 15669309223, 13627038146, 13767460344, 15255545637, 18225517507]
: [17713639293, 15843144808, 13282937862, 15981159333, 18257145642, 18761169186, 17512531173, 13970176979, 13288801777, 15779240335, 15079853927, 18370226394, 15906633060, 15669309223, 13627038146, 13767460344, 15255545637, 18225517507]
: [17713639293, 15843144808, 13282937862, 15981159333, 18257145642, 18761169186, 17512531173, 13970176979, 13288801777, 15779240335, 15079853927, 18370226394, 15906633060, 15669309223, 13627038146, 13767460344, 15255545637, 18225517507]
: [17713639293, 15843144808, 13282937862, 15981159333, 18257145642, 18761169186, 17512531173, 13970176979, 13288801777, 15779240335, 15079853927, 18370226394, 15906633060, 15669309223, 13627038146, 13767460344, 15255545637, 18225517507]
: [17713639293, 15843144808, 13282937862, 15981159333, 18257145642, 18761169186, 17512531173, 13970176979, 13288801777, 15779240335, 15079853927, 18370226394, 15906633060, 15669309223, 13627038146, 13767460344, 15255545637, 18225517507]
: [17713639293, 15843144808, 13282937862, 15981159333, 18257145642, 18761169186, 17512531173, 13970176979, 13288801777, 15779240335, 15079853927, 18370226394, 15906633060, 15669309223, 13627038146, 13767460344, 15255545637, 18225517507]
: [17713639293, 15843144808, 13282937862, 15981159333, 18257145642, 18761169186, 17512531173, 13970176979, 13288801777, 15779240335, 15079853927, 18370226394, 15906633060, 15669309223, 13627038146, 13767460344, 15255545637, 18225517507]
: [17713639293, 15843144808, 13282937862, 15981159333, 18257145642, 18761169186, 17512531173, 13970176979, 13288801777, 15779240335, 15079853927, 18370226394, 15906633060, 15669309223, 13627038146, 13767460344, 15255545637, 18225517507]
: [17713639293, 15843144808, 13282937862, 15981159333, 18257145642, 18761169186, 17512531173, 13970176979, 13288801777, 15779240335, 15079853927, 18370226394, 15906633060, 15669309223, 13627038146, 13767460344, 15255545637, 18225517507]
: [17713639293, 15843144808, 17512531173, 15779240335, 15906633060]
: [17713639293, 17512531173, 15779240335, 18969166700]
: [17862176826, 17713639293, 15779240335, 18969166700]