35457150 	7999	    610
35536425 	7999	    610
35635997 	13	        610				134	87	d611380af97f441a9f0146cfcdc459c3	f5f97800c5ca44168ca52a6f2315f506
60012328 	7999	    610
35626587 	13	        610				138	78	8ce0edd503e54623a4cdf8adfba6128e	64130c8e7f16402b8f062d910b4e68a1
36210176 	13	        610				138	78	8ce0edd503e54623a4cdf8adfba6128e	36a1f3ddba9f447c8f9c1f367afb1c83
35612164 	13	        610				138	87	8ce0edd503e54623a4cdf8adfba6128e	834c2f94a41a4dd29e71afe7665c4b2e
35593077 	13	        610				134	87	51c41fcc8e0345cd8a9775d20ce91aba	7a448ab60e194861a54fd05fffd160ca
35453374 	7999	    610
35614106 	13	        610				138	87	8ce0edd503e54623a4cdf8adfba6128e	ead04c490af343b1b28b991147fd2f82
35653874 	13	        610				138	78	8ce0edd503e54623a4cdf8adfba6128e	dc28265676b84c86ae34dca74fbd846c
35636084 	7999	    610
35509050 	7999	    610
60007554 	2794	    610
59968076 	2794	    610
35642799 	13	        610				138	87	8ce0edd503e54623a4cdf8adfba6128e	ead04c490af343b1b28b991147fd2f82
60012329 	7999	    610
35641405 	13	        610				138	87	8ce0edd503e54623a4cdf8adfba6128e	ead04c490af343b1b28b991147fd2f82
59989284 	2794	    610
59989285 	2794	    610
59992175 	2794	    610
59991934 	2794	    610
60007555 	2794	    610
59991935 	2794	    610
35593914 	13	        610				138	87	8ce0edd503e54623a4cdf8adfba6128e	7a448ab60e194861a54fd05fffd160ca
35514208 	7999	    610