2,
4,
6,
7,
8,
9,
10,
11,
14,
16,
18,
19,
20,
21,
22,
23,
24,
26,
29,
30,
31,
33,
34,
36,
37,
38,
39,
40,
41,
42,
43,
44,
45,
46,
47,
48,
49,
50,
51,
52,
53,
55,
56,
57,
58,
59,
60,
66,
68,
70,
73,
74,
77,
80,
82,
84,
85,
87,
88,
89,
90,
91,
92,
96,
97,
99,
100,
101,
102,
103,
104,
106,
107,
108,
109,
110,
114,
115,
116,
117,
120,
121,
122,
123,
125,
126,
127,
128,
130,
132,
133,
134,
147,
168,
169,
170,
186,
188,
190,
192,
193,
194,
195,
196,
197,
198,
203,
204,
205,
206,
207,
208,
209,
210,
211,
212,
213,
216,
218,
219,
220,
238,
240,
246,
247,
249,
250,
253,
255,
256,
257,
258,
259,
260,
261,
262,
264,
265,
266,
267,
269,
270,
271,
272,
273,
278,
280,
282,
283,
284,
285,
287,
288,
289,
290,
291,
292,
293,
294,
295,
296,
298,
302,
308,
309,
310,
311,
312,
314,
315,
316,
318,
319,
320,
321,
323,
324,
325,
326,
327,
328,
329,
330,
331,
332,
334,
335,
336,
338,
339,
340,
341,
342,
343,
344,
345,
346,
347,
348,
349,
350,
351,
352,
353,
354,
355,
356,
357,
358,
359,
360,
362,
363,
364,
365,
366,
367,
368,
369,
372,
373,
375,
376,
378,
379,
383,
384,
385,
386,
387,
412,
413,
415,
436,
440,
441,
444,
445,
446,
448,
450,
451,
452,
457,
458,
459,
460,
461,
462,
463,
464,
465,
466,
467,
468,
469,
470,
471,
472,
473,
474,
475,
476,
477,
478,
479,
480,
481,
482,
483,
484,
485,
486,
487,
488,
489,
490,
491,
492,
493,
495,
496,
497,
498,
499,
500,
502,
503,
506,
507,
508,
510,
512,
513,
514,
515,
516,
517,
518,
519,
520,
521,
522,
523,
525,
526,
529,
530,
532,
533,
535,
537,
538,
540,
549,
550,
552,
554,
555,
556,
557,
558,
559,
562,
564,
565,
566,
567,
568,
569,
570,
572,
573,
575,
576,
578,
579,
580,
582,
590,
594,
595,
596,
601,
602,
604,
605,
606,
608,
609,
612,
613,
614,
615,
616,
617,
618,
621,
622,
623,
624,
625,
626,
627,
628,
629,
631,
633,
634,
635,
636,
637,
639,
640,
642,
644,
645,
646,
647,
660,
663,
664,
669,
670,
672,
674,
675,
677,
678,
679,
680,
681,
682,
683,
684,
685,
686,
687,
688,
689,
690,
691,
692,
693,
694,
698,
699,
701,
702,
703,
704,
705,
706,
707,
708,
710,
711,
712,
713,
714,
715,
716,
718,
720,
721,
725,
726,
727,
728,
731,
732,
733,
734,
736,
738,
739,
740,
741,
742,
743,
744,
745,
747,
748,
751,
757,
759,
760,
761,
768,
769,
776,
777,
778,
779,
780,
783,
787,
789,
790,
791,
792,
793,
794,
795,
796,
798,
799,
801,
802,
803,
804,
805,
806,
807,
808,
809,
811,
812,
813,
814,
815,
820,
821,
822,
823,
825,
826,
830,
831,
832,
833,
834,
835,
836,
839,
841,
842,
843,
844,
845,
846,
847,
849,
850,
851,
852,
853,
854,
855,
856,
857,
858,
859,
863,
865,
866,
867,
868,
878,
880,
881,
882,
883,
884,
885,
886,
887,
888,
889,
890,
920,
921,
925,
928,
931,
986,
992,
993,
994,
995,
996,
999,
1000,
1001,
1014,
1015,
1017,
1026,
1032,
1034,
1041,
1042,
1043,
1044,
1045,
1046,
1047,
1048,
1049,
1050,
1051,
1052,
1053,
1056,
1058,
1059,
1060,
1061,
1062,
1063,
1064,
1066,
1067,
1068,
1069,
1070,
1071,
1072,
1073,
1074,
1075,
1076,
1077,
1078,
1083,
1084,
1086,
1087,
1088,
1089,
1090,
1092,
1093,
1094,
1095,
1097,
1098,
1099,
1100,
1101,
1102,
1103,
1104,
1106,
1107,
1108,
1112,
1115,
1119,
1120,
1127,
1128,
1131,
1132,
1134,
1135,
1138,
1140,
1141,
1144,
1148,
1152,
1156,
1157,
1158,
1159,
1162,
1163,
1164,
1165,
1166,
1167,
1169,
1170,
1171,
1173,
1175,
1176,
1177,
1180,
1181,
1182,
1184,
1186,
1196,
1197,
1198,
1199,
1201,
1202,
1203,
1204,
1206,
1210,
1212,
1215,
1216,
1217,
1218,
1221,
1222,
1223,
1224,
1225,
1226,
1227,
1228,
1229,
1230,
1232,
1236,
1240,
1241,
1242,
1243,
1244,
1245,
1246,
1248,
1250,
1251,
1252,
1253,
1254,
1255,
1256,
1267,
1268,
1269,
1271,
1272,
1273,
1274,
1275,
1276,
1277,
1279,
1280,
1281,
1282,
1284,
1285,
1286,
1287,
1288,
1289,
1290,
1291,
1292,
1293,
1294,
1295,
1296,
1297,
1298,
1299,
1301,
1302,
1303,
1304,
1306,
1308,
1309,
1310,
1311,
1312,
1313,
1314,
1315,
1316,
1317,
1319,
1320,
1321,
1322,
1323,
1324,
1325,
1327,
1330,
1331,
1334,
1335,
1336,
1337,
1338,
1342,
1343,
1344,
1345,
1346,
1347,
1353,
1354,
1355,
1356,
1357,
1358,
1359,
1360,
1361,
1362,
1363,
1365,
1366,
1367,
1368,
1369,
1370,
1372,
1373,
1374,
1377,
1378,
1381,
1382,
1385,
1386,
1388,
1389,
1391,
1392,
1393,
1395,
1396,
1397,
1398,
1399,
1400,
1401,
1402,
1403,
1404,
1406,
1407,
1408,
1409,
1410,
1411,
1413,
1414,
1416,
1417,
1418,
1420,
1421,
1422,
1425,
1426,
1427,
1428,
1429,
1434,
1436,
1437,
1438,
1439,
1442,
1443,
1444,
1445,
1446,
1447,
1448,
1451,
1452,
1453,
1454,
1455,
1456,
1457,
1458,
1459,
1460,
1461,
1462,
1463,
1464,
1465,
1467,
1468,
1469,
1470,
1471,
1472,
1473,
1474,
1475,
1481,
1482,
1483,
1484,
1485,
1486,
1488,
1490,
1492,
1493,
1496,
1498,
1501,
1502,
1503,
1504,
1507,
1508,
1509,
1513,
1514,
1515,
1516,
1517,
1518,
1526,
1527,
1528,
1533,
1534,
1537,
1539,
1540,
1541,
1542,
1547,
1552,
1553,
1554,
1556,
1557,
1558,
1559,
1561,
1562,
1563,
1564,
1565,
1566,
1567,
1568,
1569,
1570,
1571,
1576,
1580,
1584,
1589,
1591,
1594,
1595,
1598,
1603,
1604,
1605,
1606,
1608,
1611,
1616,
1627,
1629,
1630,
1631,
1632,
1633,
1634,
1635,
1638,
1639,
1640,
1641,
1642,
1644,
1651