9360,
9361,
9575,
9639,
9673,
10822,
10823,
10824,
10825,
10834,
10835,
10836,
11044,
11045,
11052,
11053,
11055,
11059,
11060,
11063,
11071,
11072,
11073,
11074,
11075,
11076,
11122,
11123,
11260,
11263,
11267,
11270,
11424,
11425,
11426,
11428,
11429,
11430,
11436,
11437,
11438,
11442,
11443,
11444,
11445,
11446,
11448,
11449,
11450,
11451,
11452,
11474,
11475,
11476,
11480,
11483,
11484,
11485,
11526,
11527,
11528,
11535,
11537,
11538,
11540,
11541,
11550,
11551,
11558,
11561,
11562,
11563,
11564,
11565,
11566,
11567,
11569,
11570,
11571,
11572,
11573,
11574,
11575,
11576,
11577,
11578,
11579,
11580,
11581,
11582,
11583,
11585,
11586,
11587,
11606,
11607,
11608,
11610,
11613,
11614,
11615,
11622,
11623,
11624,
11625,
11629,
11653,
11654,
11655,
11712,
11713,
11714,
11716,
11717,
11718,
11719,
11720,
11721,
11722,
11723,
11724,
11726,
11727,
11728,
11757,
11758,
11761,
11765,
11766,
11798,
11812,
11817,
11821,
11855