
9009,
9013,
9021,
9027,
9029,
9038,
8979,
8983,
8986,
8990,
8992,
8924,
8938,
8941,
8952,
8955,
8958,
8858,
8858,
8866,
8874,
8903,
8791,
8804,
8831,
8837,
8841,
8848,
8850,
8710,
8713,
8723,
8743,
8766,
8771,
8775,
8779,
8696,
8702,
8572,
8579,
8588,
8614,
8653,
8681,
8686,
8463,
8524,
8530,
8536,
8555,
8434,
8307,
8326,
8404,
8425,
8194,
8187,
8025,
8038,
8083,
8097,
8111,
8132,
8146,
7949,
7983,
8012,
7889,
7905,
7921,
7722,
7754,
7772,
7836,
7844,
7658,
7678,
7529,
7539,
7382,
7403,
7294,
7312,
6992,
7002,
7024,
7049,
7058,
7110,
7117,
7136,
6915,
6939,
6865,
6875,
6905,
6666,
6676,
6740,
6763,
6774,
6794,
6626,
6635,
6526,
6565,
6575,
6601,
6404,
6429,
6440,
6313,
6148,
6171,
6207,
6224,
6117,
5925,
5936,
6026,
6091,
6107,
5752,
5645,
5670,
5707,
5738,
5517,
5531,
5433,
5477,
5340,
5187,
5195,
5212,
5275,
5282