zheng.lv
13296720596
13185053811
13136168925
18668035891
13216130230
13023625129
13282181697
13282195039
13123921211
18626897418
13071899687
13282189368
18557529195
13282182689
13282189318
13282006327
13073651560
13248420230
13024295899
13282186683
13175131993
13282007612
13116713787
13282169056
13282183681
13282186871
18667917221
13296730976
15658118213
18667932756
13282189252
15557110767
13185015760
shengjun.tong7760
13282032191
13067837501
rong.dong7709
13282186617
daoguang.chen8391
ting.zhu8527
13282185879
13282189361
15557130338
13282186007
13282162353
15669038769
jiasong.deng6755
13282160430
15558097650
15658123529
13276814746
13067981172
15658118715
13235719607
15557169830
15558134235
17606516269
jiamin.deng6965
13175127581
13071862521
18668792597
16657045336
13282187593
13173620351
wenying.huang
15669038716
18606532157
15557127851
13136136376
13071827532
15658123561
13071899071
15669975933
15657190602
15557127396
18658156897
13291893865
13282161693
13023608302
qiang.sun7158
13282183767
haibin.zhu7631
13023627685
13073617760
lei.jiang7981
13282028339
13136163267
18667107356
zecheng.li6897
13175131005
13282187506
yaping.zhao7935
13186957950
17606515380
13282181961
18658152517
15558087360
13291820377
chengsheng.bao
13282183775
15669032905
13093714412
15658116751
13282186832
13282160402
18667025295
13173625371
13186984396
13023622523
15606710657
13282027829
13067873930
13071837826
13282187308
15558005296
13221055960
13282186883
13282187629
15669483166
13175099252
13282182755
13282187078
13186959015
13282187023
wenxin.lu
18668017921
huan.liu6901
13157193010
13067929327
13282182593
13067830576
13221075572
13173695574
13282186829
bin.liu
13282031867
13282187573
13136189957
13282186207
13157175923
13282162108
13095713120
13071857519
15557150809
13073630871
15657118513
13251008326
13216169539
13023639378
yiyan.fang8423
13282186876
yuqing.jiang7012
15658069083
13216139756
hongjun.zhu8422
13023623671
yunlong.liu7275
13282160411
13250826022
13282189218
17681957617
13116713035
13073663625
18758275585
13115718625
13282186869
13296719772
13282188698
13093778782
15557150981
13136159690
13216717517
13123959377
13282165389
13282183637
13221001265
13221062565
13175003316
13282187225
13221005032
18668010637
15669033583
13282182167
13282160418
13291899503
13282180289
jiale.ni8870
13282181079
13073627032
18668087096
13095715009
13157177652
18667190756
13282189327
13282181157
18657182176
13282183568
13255713736
13093783130
13282169327
13216131615
13282185370
13282187551
13282163020
13470112568
15658117652
18668017082
13216183570
13173626307
13282185698
15557187019
13216161928
13067871832
13136162326
13282186109
13282180265
13282185985
13282182239
13282189315
13216106203
13095718231
13123901810
13067838235
15657197203
13282183226
13282160408
13282167870
13067978162
13107708722
15658062925
13071872082
13047600702
13033612649
13282182771
13282187625
13282168772
13282160426
13250837861
13221839158
13291894122
15658069720
13282168673